3.41113
3.88812
4.81906
6.35716
7.67899
9.03084
10.787
10.6588
9.48821
6.25793
6.40189
9.80314
12.1792
12.0833
12.9468
12.8406
14.6896
16.2005
15.3992
13.5548
10.7199
5.99784
5.01172
5.96258
1.80716
1.64669
5.55567
8.36725
8.48595
9.11439
11.7503
11.0142
8.59895
7.10967
6.21068
9.61789
12.1192
13.3267
13.408
13.5489
14.668
16.2324
15.1514
13.544
10.7392
5.45348
5.03418
6.46711
1.2502
4.1849
5.50889
8.3782
8.22983
10.1549
9.96448
8.74923
8.88051
6.04596
5.27977
8.51941
12.1462
12.5041
13.6218
13.1966
14.3622
14.875
14.1517
12.577
10.6174
4.47683
4.00658
5.57029
1.73286
3.78096
6.20092
8.70742
8.79953
10.2158
9.68047
9.09541
8.12784
6.02131
3.79601
8.76314
12.3598
14.1479
13.7638
13.1725
15.2846
15.5123
14.3212
12.6898
10.307
5.75845
5.37611
6.07216
1.86216
4.26724
6.60294
8.01021
10.383
11.5997
11.1757
10.5504
9.17275
3.41102
3.44054
10.8215
12.9569
13.1372
13.1038
13.057
15.1618
15.7512
14.6542
13.1264
10.4775
5.17558
3.81701
6.74376
3.26893
0.958404
5.92817
8.19841
10.5083
12.1423
13.011
12.1316
8.24739
4.57078
3.39775
10.3813
12.3104
13.9708
14.2769
13.1571
13.5872
14.4847
13.9151
12.7456
10.2216
5.73251
5.27767
7.83056
0.813487
4.88931
5.89816
7.01869
10.5948
12.1442
11.6999
11.0111
6.85431
5.01017
5.08591
10.1236
12.454
13.7941
13.8031
13.6002
12.282
14.3998
13.617
12.1512
10.1321
4.43831
4.33506
7.17692
2.6503
4.23456
6.02246
8.38628
9.94304
11.8579
11.2502
10.6504
9.15528
4.739
3.84133
6.49983
11.0576
14.4991
15.0373
14.3844
13.4186
14.4323
13.3486
12.3762
10.6793
3.99628
4.73755
6.92234
4.29502
4.91208
5.38609
7.55108
8.81173
10.5712
10.2013
9.76654
8.39534
5.88546
5.12017
7.36994
10.6116
13.0361
14.0258
14.0496
12.7418
14.2139
13.8132
12.2438
8.66461
5.02463
4.77135
6.0325
3.04454
4.40057
6.79357
7.65327
10.1587
11.7384
12.1023
11.6999
8.77137
6.58066
2.83277
7.56469
10.5563
12.4951
14.4109
13.9951
12.5725
14.1711
13.3256
12.1827
9.14606
4.61962
4.54038
7.17946
2.21536
4.09648
6.881
9.27924
9.5933
9.79998
12.8351
11.8879
7.97399
6.33944
5.99708
7.22862
9.87725
12.5327
13.4936
12.7149
12.2776
13.9448
13.3538
11.6683
8.91313
4.58447
4.35793
7.37553
3.83258
2.99722
6.65016
9.24926
9.7075
11.815
12.607
11.659
8.835
5.91367
4.46552
6.89666
10.5058
11.7628
12.9655
12.403
12.3909
14.6371
13.8753
11.8799
9.08142
4.23021
3.80342
7.42271
1.07319
5.19617
6.21978
9.30167
10.1614
11.0582
12.5677
11.799
7.34145
4.89645
2.21018
7.59152
11.5602
12.3566
13.0969
12.2246
12.3298
14.7556
13.7951
11.8695
9.71796
4.38601
4.19746
7.31467
1.91498
2.27586
6.6062
6.95044
10.9904
13.542
12.9126
11.1798
8.45217
3.56307
1.6348
9.19727
11.5573
13.3009
13.4392
13.0529
12.1398
14
13.1553
11.6086
8.09683
3.86533
3.96111
8.38644
0.482652
2.85622
6.90287
9.02869
11.0401
12.4659
10.8409
10.3873
8.14035
4.32031
4.56618
8.29836
11.7084
12.9773
13.5439
12.4972
11.8647
13.4885
13.0781
11.5978
7.54341
4.48805
3.89491
7.23645
0.928226
1.53639
6.08799
8.44318
11.3291
12.9899
12.7062
11.0538
8.10186
5.45273
4.79422
8.62825
11.3573
13.1791
13.0453
12.173
11.6801
12.3362
12.8938
11.6672
8.30091
3.76303
3.45726
8.00503
3.21611
3.19684
4.76531
8.264
11.3183
12.6077
11.0858
10.3625
9.77777
6.23035
4.40766
8.93641
11.4301
13.1137
13.0744
12.4402
11.6943
12.571
12.7213
11.3363
8.05166
3.39696
3.36935
7.37253
2.71618
5.62898
6.22349
8.03494
10.9778
12.344
14.1363
13.2212
9.75355
6.04386
4.85625
6.49961
9.893
12.7698
14.2991
13.2431
10.8475
11.7324
12.9123
12.5973
10.1316
4.49187
4.26408
8.68212
1.8681
2.86133
5.77032
8.8628
9.38599
10.0984
14.8335
13.8109
10.7836
7.15707
5.38387
5.76167
7.86532
11.7742
14.5044
13.2042
11.716
12.2532
12.8168
12.1376
8.92118
4.08491
3.61994
9.21457
4.11395
3.12628
6.14759
9.58658
9.90335
11.6069
13.8358
12.4953
9.66265
7.88234
4.46022
8.1751
9.67391
12.0043
12.8483
13.3017
11.804
11.5086
12.5741
12.4951
9.3736
4.22257
4.29969
8.30887
3.1709
4.31989
5.77164
8.70056
8.96262
9.69029
12.2218
10.7947
9.67629
8.06259
6.26393
9.25646
11.2322
12.0883
12.9543
12.2211
11.1655
11.2157
12.0604
11.823
9.42636
3.45944
3.45502
6.70474
2.72706
4.51781
6.0675
7.52554
9.57399
11.4846
12.3064
11.2512
8.49566
5.90537
8.16181
11.8254
12.4474
14.2321
12.93
12.2764
11.1373
11.3131
11.4789
12.7438
10.9782
3.19048
3.94648
7.15887
3.48814
3.37707
5.3988
7.30346
8.86169
11.2412
13.0146
11.7779
9.7159
5.95896
10.1331
12.9869
13.8713
14.3082
12.811
12.0362
10.7775
11.1955
11.7334
12.5288
10.9581
3.30924
3.50486
7.62171
2.99426
3.58938
5.52701
8.49291
9.99752
12.2737
12.2173
11.1096
8.25678
5.1552
10.9054
13.4434
13.0254
13.2976
12.5639
11.2117
10.5693
10.7332
11.1772
11.9417
10.002
3.55105
3.53409
7.46852
2.56472
5.09477
6.67351
9.29494
9.69044
11.6881
13.6815
11.6604
8.74556
7.29249
8.22412
12.4389
13.0514
14.1871
12.4239
10.8592
10.4971
8.98788
11.8744
12.3594
10.1135
3.74601
4.19519
8.19286
4.06377
5.35195
5.09478
8.06751
10.7222
12.1205
14.3264
13.6683
9.5993
8.5783
7.69034
11.4412
12.6765
14.5073
13.4008
11.9422
10.3105
9.19452
12.0035
12.3267
9.99186
3.64385
4.3153
8.84445
4.15901
4.2706
7.23092
8.56551
10.995
13.1323
13.9482
12.9112
10.8444
8.8098
9.75476
13.8147
13.9118
14.9933
13.4707
12.7184
10.8481
10.3483
11.8571
12.6609
11.1832
4.09235
4.66203
8.76775
3.53984
4.44057
6.43267
8.88895
11.1695
12.9425
12.2443
12.0837
12.0741
10.4793
9.70376
15.5715
14.5834
14.704
13.1683
11.8526
11.6139
12.0107
12.39
12.7407
11.1433
4.87249
5.08791
8.16255
3.63127
5.36092
5.19026
6.74535
10.6476
12.6229
12.165
11.3632
13.8094
12.6779
11.5183
15.7407
14.5644
15.1923
13.9282
11.6763
12.2645
12.7094
12.9776
13.0663
11.313
4.50961
4.95684
8.03162
4.16221
2.39766
7.11861
7.84581
9.8673
10.909
12.9483
11.881
13.0667
12.5117
11.9308
15.3325
14.3195
15.7303
13.5173
12.4516
13.2553
13.6252
13.6657
13.3374
11.6967
6.59748
6.59089
8.03164
3.54286
2.67606
7.88961
8.69111
9.30391
10.3283
12.6711
11.186
13.1956
12.4618
13.8267
17.2041
16.0092
13.9572
13.3909
13.3189
14.0631
14.5942
14.5047
14.1847
11.6993
5.6875
4.89001
8.45158
4.50873
4.76468
6.68878
7.28239
10.3895
12.5915
13.2224
12.0894
13.0255
12.2039
11.7502
17.0258
16.0461
14.9593
14.0721
13.1934
13.5755
14.5514
14.9088
15.2698
13.4848
7.1456
6.52259
8.87008
1.33914
2.91266
6.59389
7.9107
9.65999
11.6671
12.8334
11.9554
12.8716
12.5952
12.6241
16.8296
15.6655
16.0532
14.1672
13.4172
14.3971
15.475
14.498
15.0269
13.5083
5.72698
5.19986
8.37963
3.5508
3.90434
7.61917
7.23038
10.5204
12.5899
14.3193
13.5832
12.4993
12.6662
14.6286
16.5881
14.6786
16.2786
14.6389
13.7958
14.4422
15.8446
15.1061
15.4977
13.8187
7.21053
6.91805
9.10048
2.4092
4.21526
6.67842
7.67098
10.6372
13.0418
14.683
13.526
13.2364
14.1497
15.1057
17.2806
15.2604
16.3387
15.1757
14.2502
14.9433
16.4982
16.0393
16.0551
14.4876
6.60126
5.59388
9.43923
3.56919
2.96943
5.7949
8.63725
10.5249
12.0107
13.2446
12.8615
14.0925
14.0483
14.3789
16.6156
15.9185
16.8987
14.6772
13.3239
14.2948
15.7086
15.0817
15.5463
13.8455
7.71635
7.56126
8.87607
3.27615
2.61588
6.76174
8.66452
9.48325
11.452
12.2938
11.7746
12.8239
13.0724
12.6059
16.5964
15.8898
15.8722
14.0899
13.0698
14.7696
15.7581
15.1154
15.3009
14.0268
6.20052
5.70855
8.31118
3.8913
4.24414
5.39553
6.83698
9.78617
11.2881
13.2744
13.0374
12.3386
13.445
14.1771
16.0188
15.3934
16.1722
14.1619
12.8154
14.5336
15.8626
15.5413
14.7549
12.2414
7.23977
6.93637
8.45752
2.88519
0.703613
3.5566
6.59251
7.82265
12.3244
14.0523
12.8386
12.0908
13.4202
14.8004
16.043
15.1364
15.5241
13.462
12.3306
14.9513
16.2087
16.173
14.8524
11.8317
6.61856
5.12645
8.72449
3.12331
3.19608
5.5593
6.92108
8.99262
10.6343
13.3372
13.3646
13.1768
14.7021
13.7641
15.7114
14.4797
15.3552
13.5336
12.3841
14.5768
16.7427
16.1749
14.5939
10.5428
6.89205
5.48535
8.4186
1.17969
3.29077
6.72535
7.7878
8.80711
10.3609
12.9203
12.4801
12.4408
15.2001
14.3838
15.4706
15.7531
15.6504
14.606
13.5162
14.6692
16.5317
16.6106
14.9077
11.0169
6.57768
5.59626
8.4795
4.73779
4.60594
7.44982
8.01744
11.1615
12.3687
13.7609
13.4543
12.7621
15.7087
15.3646
16.545
15.5014
16.0022
15.7029
13.9242
15.1982
16.9253
16.399
14.9789
12.0444
7.18517
5.78579
9.13768
3.75911
2.69594
7.37413
9.26418
11.0343
13.0963
12.8886
12.4762
13.7034
15.2568
16.2245
16.5245
16.0438
16.3742
14.9051
14.2413
15.3673
16.4058
16.9849
15.0893
12.4992
6.53325
6.02995
9.03395
2.62763
4.94949
5.60127
7.28819
10.9883
12.1322
11.8404
12.1817
12.7694
15.6872
16.1949
15.8569
16.1379
15.4288
14.4502
14.317
14.8642
16.5079
16.3712
15.0183
13.5319
6.35438
5.78583
8.87489
5.9247
5.88023
6.70937
9.16482
12.8103
14.442
12.5845
12.4464
12.9771
15.4087
15.9111
16.815
17.154
16.9508
14.9435
14.3304
14.2237
16.3228
16.4498
15.8095
13.9806
6.29297
5.68527
9.62152
6.10933
6.90456
6.862
7.72768
12.4746
14.0881
12.6597
12.2069
14.0599
15.715
16.3345
17.395
17.616
17.3637
15.2025
14.6637
14.1072
15.26
16.4762
15.7676
13.6251
8.78272
8.35165
9.94878
5.21653
4.93367
7.0814
8.81144
13.3931
15.2889
13.7192
11.7155
12.1431
16.2166
17.7767
16.9795
16.4635
17.1887
15.2609
13.9509
14.5984
15.6904
17.0697
17.0783
14.0048
9.0703
6.3355
10.401
6.00694
6.73737
7.94399
9.70975
12.454
13.6525
13.6303
12.808
12.0137
15.7719
16.5255
16.4564
16.5629
16.8823
15.2623
14.2446
14.1812
14.9905
15.6416
15.9113
14.063
8.61681
8.3257
9.71797
1.13517
3.44402
8.11531
9.02362
12.3357
14.3182
13.3974
12.9263
12.9469
15.0262
16.2026
16.4708
16.0732
17.0878
15.1964
15.0285
14.7581
14.7734
14.6129
15.0017
13.1909
6.03686
6.24843
9.47314
4.20792
6.20074
7.97987
11.0861
13.1862
14.4528
13.885
13.5966
12.6537
15.0982
16.2308
17.1469
16.5539
17.3701
16.4577
15.4399
14.5978
14.864
15.0812
15.3778
12.9217
6.76083
6.5843
9.86199
3.66253
6.30382
8.8668
10.5514
12.2253
15.0395
14.2453
12.9581
13.6152
16.09
16.4369
16.8446
17.2884
17.4202
15.4786
15.0503
15.283
15.9493
15.9956
16.3193
14.4124
7.07401
6.53202
10.1946
4.85108
6.26282
7.73077
8.65936
12.939
14.1061
13.4297
12.7052
12.0377
14.7413
17.4181
17.389
17.2202
17.4845
16.0891
15.1118
15.9403
15.7665
15.862
16.7644
15.4147
7.21044
6.49288
9.6052
3.58882
4.52483
4.83057
9.08191
12.278
14.5972
13.3195
12.0592
10.8941
13.004
15.7915
16.682
16.4348
17.2592
16.4683
14.9763
15.5699
15.4863
14.8136
15.1875
13.3385
7.1431
6.92925
9.51355
6.23949
5.60913
7.61022
10.7448
12.1035
13.4971
13.1535
12.2932
10.706
14.7374
17.1141
17.1967
16.0727
16.8973
15.9755
14.898
15.1262
14.2619
14.7123
15.8743
14.3831
6.30209
6.37776
9.05243
2.57615
5.97319
6.77924
10.9216
12.5148
15.3379
14.9537
13.6289
12.4907
12.7027
16.3284
17.114
16.887
17.5198
16.6717
15.5657
15.488
13.7468
14.9115
15.5906
13.8586
6.957
6.888
10.3483
4.83601
6.05968
9.75237
10.9118
13.6145
15.2409
13.7977
12.8601
12.8609
14.1391
16.2138
17.5211
16.9439
17.5502
16.9954
15.5081
14.2159
13.4379
15.1238
15.2943
13.4371
7.25869
7.16298
10.1698
6.00687
6.24755
7.50429
10.6992
13.0885
15.4031
14.4455
14.1688
12.2416
13.3049
15.7306
17.1325
17.2192
17.6608
18.1993
16.1069
14.7565
14.1842
16.2759
16.2916
14.1286
7.58685
6.96464
10.3159
5.64217
5.49199
6.55979
9.32317
13.2742
15.0033
14.2246
13.6926
12.5511
12.9733
16.4471
16.8822
17.7849
18.022
17.9446
16.0244
14.5095
14.5482
16.1523
16.0126
13.8306
7.29934
7.53612
10.0198
5.12403
5.87587
6.72802
10.1643
12.4531
14.0429
13.06
11.9877
11.8833
11.8451
16.2523
17.8144
17.2208
17.163
16.4935
15.7434
15.7258
14.3505
15.6956
16.152
14.3242
7.00373
7.05403
9.41651
4.92364
3.00154
6.51013
8.94772
11.04
13.8481
14.5857
13.2524
10.8148
12.2409
16.0316
17.8781
17.3447
17.7108
16.7256
15.8964
16.2461
15.1122
16.4523
16.8259
14.3502
8.27976
7.0564
9.69188
6.37815
6.81305
7.81213
9.05513
12.9204
15.2411
15.3425
13.4258
10.7577
13.1697
16.5798
17.3877
17.3567
18.4322
18.1129
15.8655
15.7679
15.2795
16.204
15.8654
13.9939
8.59882
8.7724
10.6443
2.82045
6.06191
7.58598
10.3828
12.6568
13.9709
15.4194
14.1718
10.5938
12.7697
18.0873
18.6231
17.1691
17.8608
17.9809
15.6172
15.3992
15.4328
16.417
16.5308
14.1755
7.88168
7.75756
10.2093
7.2901
6.25209
7.60728
9.99231
11.0629
13.2817
15.1939
13.4137
10.5623
14.0442
16.9814
18.6018
18.0366
18.0203
18.2812
15.6784
16.416
15.7055
17.1722
17.2927
15.2971
9.11761
8.64144
10.2226
4.0943
4.95484
6.89586
10.8935
11.9285
13.7541
15.2794
14.1608
11.656
14.3984
17.0542
18.7147
18.5491
18.3595
18.0652
15.8997
16.5381
15.8719
17.2919
17.4392
15.6054
7.7704
7.38605
10.273
3.92842
4.35013
7.48652
9.8771
11.1132
12.6871
14.3101
13.4244
10.8683
13.7395
16.2803
17.5311
18.3675
18.3075
18.307
16.0759
16.1434
15.3626
16.1141
16.9288
15.7489
8.76772
8.66682
9.72489
7.63969
7.11016
8.65075
10.1881
12.1508
14.7934
14.0214
12.4091
12.1338
14.0847
16.5164
18.0852
18.3262
19.1557
18.9543
16.1999
15.9065
15.717
16.3136
16.3512
14.4007
8.17133
8.75787
10.1781
6.19722
7.07105
8.47622
10.6075
12.6314
14.7385
13.0532
10.8149
11.4096
13.0899
17.2622
18.8736
18.1659
19.2394
18.6868
16.0608
16.0513
16.3429
16.9007
15.9194
13.5746
9.43457
9.54552
10.4756
7.80984
7.6829
9.33738
10.6329
12.3131
13.6286
12.4516
11.9067
10.8151
11.7912
16.5965
18.6117
18.5702
19.3217
18.0873
15.8768
16.4063
15.7301
16.7052
17.1692
15.2042
9.0731
9.12695
10.005
6.76762
6.77513
8.36108
10.4313
11.7574
13.9506
14.0941
13.0523
11.6272
12.651
16.4549
17.9601
17.1248
19.0653
18.0914
15.9012
16.2869
16.2219
16.305
16.7641
15.072
8.93849
9.19903
10.1334
6.78135
6.97276
8.62186
10.7998
11.722
13.0468
14.5901
13.3595
11.32
12.6892
16.1571
18.3763
17.6982
18.5335
18.3234
15.7606
16.091
16.0569
17.0271
17.0119
14.9727
9.13504
9.13689
10.1776
6.08579
5.48869
8.19173
11.6054
11.5996
13.5597
13.7283
12.1299
10.926
12.8093
17.8081
19.9123
18.2189
18.9307
17.7298
15.8473
16.7595
16.3267
17.4028
17.4368
14.76
8.86175
8.19745
10.3331
5.73407
6.05253
8.05797
11.6045
12.2825
14.1155
13.2707
12.456
11.5232
13.225
16.1613
17.7428
18.8685
18.8629
18.1429
16.6991
16.4831
16.8863
16.497
15.9058
13.5209
8.74076
8.87382
9.93717
6.12738
6.36732
8.67367
11.4946
12.0676
13.594
13.3841
12.2497
10.229
13.0102
18.0389
18.7585
18.7282
18.9265
17.6792
15.7304
16.7434
16.7586
16.7489
16.7464
14.8102
8.53452
8.46699
9.85295
7.04525
6.84752
8.85141
11.2198
11.7464
14.1686
14.6856
13.173
9.71763
12.6509
17.5328
18.5076
18.7827
19.2655
17.9071
15.9809
16.9064
16.5865
17.3876
17.2884
15.7189
8.42051
8.29939
10.0535
5.82573
5.67087
8.43562
11.1589
11.5414
13.8153
13.9494
12.3831
8.96906
12.6465
18.2576
19.7136
18.1515
19.1562
17.9309
16.5754
16.576
16.407
16.9183
17.5446
15.9008
8.5386
8.82984
10.239
5.55915
6.22493
8.17046
11.21
12.125
13.313
13.0811
12.0504
9.6593
11.6821
16.5144
18.6164
17.6741
18.4056
17.5747
15.5657
15.8416
15.0197
16.1361
16.0652
14.1433
7.29839
7.47427
9.47827
5.09041
5.25261
8.32003
11.7346
11.2873
13.4249
13.7309
12.494
9.61848
9.35701
15.6006
17.6151
19.14
19.013
17.5187
15.6883
15.2918
14.6788
15.7845
16.5817
14.8455
7.57277
7.60115
9.36812
8.10744
7.85626
7.93329
11.3598
10.8257
12.4243
13.5534
12.0403
9.92266
9.41034
15.2057
16.8884
18.4319
18.6996
18.1067
15.9514
15.8622
14.6382
15.2183
15.942
13.8192
6.63578
7.87046
9.09469
5.70036
5.27072
7.69385
9.18962
10.0621
11.1311
11.8551
10.6762
8.00901
8.92083
14.3866
16.5787
18.2655
18.5396
17.8098
15.5241
15.6007
15.3735
15.6486
15.2718
13.4078
6.00109
7.53728
8.51866
6.30314
6.68288
8.43319
11.6184
10.4319
10.9342
11.7552
10.4723
8.49048
9.84475
14.4285
17.5123
18.4139
18.6718
17.2173
15.3173
15.5741
15.9755
16.136
15.8632
13.888
7.31031
7.51621
8.75777
6.6606
6.55173
9.48919
12.5823
11.2887
12.578
13.4311
11.6022
9.281
9.49805
13.4708
16.3326
17.4414
18.5758
17.9927
14.9091
15.3151
16.0024
15.7767
15.619
13.01
7.31399
7.77655
9.00328
4.46176
5.39699
9.43007
12.5095
11.286
11.7954
14.0668
13.0301
9.31139
9.3269
14.0982
17.2826
17.4959
17.6403
17.2249
15.2891
16.0457
16.3435
16.278
16.8846
15.4542
7.54149
7.54583
9.3894
5.42269
6.55927
8.5197
11.2189
10.0423
12.0274
14.0863
12.5381
9.61517
9.33249
14.538
17.5358
17.8255
18.3646
17.5631
15.4093
15.2868
16.9273
16.445
16.7757
15.0941
7.66939
7.69828
9.32205
4.0832
4.33471
8.6611
10.5662
10.7215
12.6346
11.3631
11.0245
9.32083
9.62976
14.2863
16.8851
17.8752
18.0416
16.7873
15.2603
16.2738
17.5219
16.2869
15.3372
13.4941
7.79908
7.77656
8.70933
5.56964
4.14559
8.39189
10.9741
10.1351
10.8319
11.7435
10.3739
8.22697
8.15706
14.7021
17.0226
17.2079
17.6956
17.2103
15.9619
16.2088
17.6727
17.1931
15.9215
13.2226
7.93938
7.53727
8.369
4.47064
4.314
7.23564
9.21506
9.44246
11.6088
11.4225
10.728
8.95594
8.6118
15.1884
17.5256
17.532
18.0045
17.1003
15.269
15.807
17.0025
17.1376
16.5814
13.3866
8.69308
7.57151
8.65488
4.69956
2.25769
8.10749
11.5516
11.4128
12.518
10.2637
9.8639
8.62716
7.66835
11.3595
15.4872
17.5332
17.8681
16.5134
16.0684
15.9709
17.1202
16.8351
15.3111
12.2619
7.24828
7.18886
8.18837
1.89507
4.78472
7.89644
11.8912
11.0348
11.3453
12.0627
10.7104
8.17494
7.80049
12.5187
15.274
16.7099
17.8602
16.503
14.9105
15.6783
17.6153
16.886
15.3597
12.7284
7.4911
7.18425
8.10582
0.462318
3.1134
6.24904
10.6692
10.6161
10.9446
12.4028
10.9317
8.24576
8.54126
13.7908
15.8856
17.122
17.8387
16.6805
14.8116
15.4071
17.1173
16.7341
15.3179
12.5422
7.15171
7.38429
8.27823
1.58471
4.34454
8.28278
11.6956
11.1937
11.7249
13.3767
11.8732
8.17178
8.68433
16.2963
18.0254
17.3102
17.2248
15.9773
14.7932
15.9109
17.2014
16.9465
15.952
13.4593
7.72705
7.04882
8.99456
5.36551
4.60365
8.28875
12.433
11.5931
12.0776
12.3939
10.3971
7.41418
9.59336
16.408
18.4924
17.1098
16.8727
16.8039
15.3636
15.7695
16.4643
17.1891
16.1215
13.3245
6.89071
6.1376
9.24942
2.23051
2.83799
7.36833
11.4427
11.3568
11.987
12.3636
10.3794
7.98865
9.54746
14.0818
17.9629
17.3891
17.3726
16.5643
15.0766
15.5856
17.6725
17.1243
15.7247
13.6861
7.63922
6.89454
9.04522
6.54057
6.34592
8.49833
12.4484
11.6349
9.98873
11.6178
10.0119
8.38136
7.98804
14.354
17.0877
16.5202
16.5465
17.0563
14.9959
16.1284
16.9623
16.4467
15.7932
13.6327
6.7061
6.21938
8.418
4.08684
4.42268
9.11931
13.1307
12.053
10.6093
11.3956
9.33292
7.09474
8.01529
14.3372
17.6596
16.8072
16.3135
16.4059
15.1479
15.6077
16.524
16.2588
15.5442
12.8599
7.17883
6.09043
8.77821
3.97296
3.97957
7.95043
12.477
11.9294
11.7587
11.7624
10.7874
7.70539
9.00937
15.5339
18.1928
17.0717
16.7902
17.5848
15.8097
15.1711
16.7675
17.1088
16.6832
13.2808
7.89562
6.52337
9.1335
4.73977
5.38452
7.58443
11.9197
11.3703
10.9028
11.6782
10.5438
6.56942
8.94144
15.1282
18.2723
16.8444
16.0755
16.0647
14.5536
14.749
16.038
16.7221
16.3279
13.533
7.38112
5.72956
9.06852
5.39744
4.69795
8.11563
12.352
11.5192
12.3773
12.7776
10.429
7.3008
7.63561
14.7299
16.6974
15.6702
15.874
15.4991
14.6718
14.9586
15.7058
16.2559
15.4326
12.6839
6.4956
5.93292
8.33068
2.49028
3.70868
8.0966
11.9711
11.5469
11.8483
10.2694
9.65797
6.41325
6.9402
13.4781
14.6803
15.0785
14.8922
15.4613
14.3304
14.6662
16.1073
15.9329
14.7727
12.4075
6.65965
5.14125
7.21797
2.08993
3.63221
5.61374
10.3043
10.2191
11.042
10.6204
9.67709
6.48393
5.78838
11.5272
12.9429
14.4418
15.131
15.5461
13.4444
13.9671
14.5812
14.9339
13.933
11.4489
5.67773
4.9862
6.45476
3.16913
3.39233
6.9197
10.801
10.2643
10.3211
9.21041
6.81515
5.41425
4.61544
7.63118
12.7566
15.3868
15.9104
16.1319
13.5358
13.0727
15.3916
15.3887
14.1434
11.4378
5.5633
5.38897
6.30395
1.89296
2.01513
7.00326
11.2894
10.7792
10.6781
9.23319
7.78138
5.30124
4.20566
9.64635
13.9475
14.8009
14.8924
15.6458
13.6895
12.5733
15.1071
15.1647
14.5256
11.7346
6.34368
4.35115
6.28686
2.69877
3.83874
5.66758
10.7272
10.4832
10.355
10.5087
7.76859
6.01434
5.91042
8.92003
14.0848
15.3748
15.678
14.8397
13.7183
13.3912
14.204
14.9763
14.2211
11.7205
5.92968
5.39053
6.6048
2.43041
2.86823
5.49369
10.5614
10.3478
10.9264
10.0395
8.96148
6.26641
5.86613
8.86067
15.4917
16.1591
15.8977
16.2938
14.3735
13.3981
14.3115
15.2206
14.952
12.7828
6.00682
5.23559
6.88516
4.26248
4.95516
6.31893
10.7544
10.1591
9.75358
11.4434
10.3506
6.6095
5.75274
10.4923
15.3793
15.4326
15.888
16.8509
14.9145
12.7746
13.6825
14.6221
15.1123
12.8993
6.00469
6.00926
7.20292
4.26256
4.35101
4.55322
9.94888
10.3945
10.9332
11.4642
9.84735
5.64941
6.7891
11.3735
14.8588
16.249
16.5829
16.9659
14.9983
13.4963
14.2919
14.538
13.624
10.9015
5.44905
6.03275
7.25326
3.19767
1.97419
5.66723
10.2784
9.97196
10.111
10.4404
9.31106
5.96977
4.68502
9.79306
14.9165
15.5628
16.0049
17.3616
16.0516
13.3577
14.3068
14.5442
13.7045
11.16
6.20172
6.64715
7.12773
4.96601
5.08417
6.55645
10.3214
9.34617
9.37983
10.928
9.67213
5.71987
6.88737
9.3833
14.681
16.2132
17.0297
17.326
16.1191
13.8506
14.7675
14.4898
13.6303
11.5395
5.77586
6.76758
7.29582
4.63506
4.76029
5.12417
9.24639
9.07359
10.2831
10.4259
8.80099
6.128
6.30023
10.8773
13.8146
16.2532
17.3639
17.2855
16.0746
13.7543
14.9207
14.7145
14.4471
12.3415
6.02228
6.96207
7.33082
4.07479
4.83574
4.18853
8.31671
9.61495
10.0574
9.83399
7.88951
6.83975
5.56909
10.5366
14.4663
15.55
17.3306
18.4044
16.6076
12.7151
15.1061
15.0896
14.916
13.4401
6.54814
7.25483
7.53429
5.723
5.24417
5.76956
9.40626
9.2868
9.41021
10.2409
8.33788
6.63367
6.20973
10.5293
15.0848
15.2895
16.427
18.165
16.3136
12.9521
15.4319
15.0444
14.0346
12.4665
5.6859
6.40685
7.04164
1.73461
2.27342
4.98745
9.07874
8.94497
9.71544
9.35225
7.96063
5.20821
6.18794
9.15981
14.8911
15.4901
16.765
17.7403
15.7149
12.9478
15.5078
14.5461
14.2673
12.2036
6.85319
7.05478
7.40749
4.95709
4.76304
5.27255
7.78265
8.71541
9.70023
9.92832
8.26437
6.67034
5.62635
7.79319
13.8994
14.3884
15.9476
18.058
15.9799
13.1919
15.1307
14.1508
13.4847
11.7602
5.63534
6.20577
6.52982
4.79392
4.80278
4.63283
6.78258
7.45132
8.8899
10.0204
7.82584
6.10791
5.83553
7.96106
12.5064
14.4769
16.0859
18.1628
15.8053
12.5904
15.4298
14.277
14.2279
12.4241
6.52089
6.6608
6.7046
4.64314
4.68525
4.97428
5.62398
7.45523
9.42175
8.64477
7.04603
6.25121
4.9607
8.65478
14.3353
15.6734
16.3981
17.3778
14.6465
13.1525
16.0082
14.6248
14.1313
13.0245
5.24737
5.84277
6.53317
5.09348
4.95987
5.29873
5.99853
7.97628
9.05544
8.78543
7.28128
6.89576
6.43661
9.9856
14.8627
16.5929
16.6018
17.822
15.5603
13.1514
16.2594
15.4501
14.0448
12.3516
6.18711
6.29382
6.88851
1.96589
3.23251
4.05051
7.33667
8.68995
9.58283
10.0748
7.41758
5.89694
6.95634
10.1312
15.1476
16.1566
16.1017
18.2458
15.9869
13.2601
15.084
14.151
13.2382
11.7142
5.26919
5.96083
6.58647
4.4664
4.26203
5.01723
6.38398
8.27794
9.01244
9.61003
8.03657
5.41624
5.53662
10.1414
14.5315
15.3724
15.7746
17.2176
15.318
12.9492
15.4035
14.4306
13.005
11.4178
5.72186
5.9701
6.28626
2.4547
3.85106
5.22087
5.90335
9.1747
10.7499
10.4321
7.88466
6.19475
7.46424
9.31464
13.5542
14.9866
14.9673
17.1055
15.283
13.5887
15.4187
14.0431
13.7171
12.2323
4.97661
5.41894
6.4176
1.2343
2.31655
5.13363
8.23223
9.21831
9.91715
10.2928
7.05173
6.01965
6.89203
8.65604
12.6816
15.4567
15.9158
18.5553
15.9539
13.4764
15.1548
14.0392
14.728
13.449
5.25976
5.83381
6.37673
3.45665
3.43991
5.73599
8.5883
9.15866
10.8263
11.1348
8.1654
7.06994
7.43087
9.46521
13.6081
15.6901
15.35
18.6374
15.9318
13.1126
15.7199
14.5723
14.2188
12.5875
7.04254
6.7223
7.18634
4.24583
3.87699
5.25031
7.79482
8.62027
11.0206
11.0451
7.88038
7.08049
6.66344
11.688
15.4559
15.8227
16.1413
18.5512
16.2377
14.1138
15.2521
15.3044
15.5915
14.4181
6.54517
6.2951
7.19513
4.96595
4.75904
5.10312
6.1517
8.71486
11.2366
11.3478
8.29046
7.45097
8.76665
13.1869
16.3822
15.8671
16.1451
17.7804
15.7719
14.4428
15.3271
15.0477
15.9834
14.6099
7.22157
6.97117
7.82787
3.40697
3.59329
4.04676
7.56291
8.84749
9.93792
10.2999
7.69751
6.49644
9.18147
14.5556
17.8067
15.6974
15.7734
17.9085
15.7479
15.0751
16.6346
15.9182
15.4663
13.3575
6.24429
5.93484
8.36303
6.95856
6.95361
6.93835
8.18791
8.62749
10.1223
10.0328
8.84784
9.03419
9.62387
14.9846
18.2
15.7971
15.7593
17.8375
16.0044
14.6732
15.4934
15.7108
15.7558
13.4878
6.67382
6.39473
8.65643
4.49149
4.20522
5.11983
7.28342
8.36769
9.83196
10.3543
8.21284
7.03621
8.28824
15.3013
18.6421
16.2029
14.8205
18.3419
16.5267
14.4107
16.5005
15.993
15.6201
13.9081
6.6003
5.91764
9.09318
7.00938
6.93369
7.1124
8.21438
8.21878
9.7408
9.78171
8.60198
8.89759
8.42882
15.267
18.2295
16.136
15.611
18.4278
16.4372
13.892
14.8959
14.2278
14.3397
13.0279
6.57159
6.72916
8.83425
2.7797
3.40103
3.96066
8.25805
8.37789
8.87284
8.88535
5.57046
6.81941
7.42619
14.0158
18.0489
15.8191
15.2433
18.5184
16.1969
13.8415
14.6725
13.9778
14.5315
12.9095
5.47814
5.33065
8.5356
4.55467
4.02573
5.73578
8.21517
8.38915
8.42317
7.99856
6.66291
7.62613
7.7118
14.9352
18.6141
16.2581
15.3652
18.3027
16.2011
14.4516
14.1895
14.2963
14.7801
12.7534
7.29744
7.28854
9.18766
5.70874
5.8212
5.83061
7.72775
8.05035
7.83012
7.73014
7.44646
7.82759
7.92336
15.2334
18.4333
16.1709
16.2125
18.0115
15.4086
14.4536
15.0075
15.0127
14.8206
12.857
5.08623
5.9098
8.91107
1.59496
3.12355
3.61112
7.48393
8.20604
8.40121
6.83191
5.80558
6.93607
7.13024
14.2608
17.5084
15.5809
16.3314
17.2218
15.1522
14.2187
14.572
14.7541
15.3184
13.5571
7.13078
7.14254
8.23444
6.02257
5.93858
6.30463
6.78532
7.63537
7.49415
7.32989
7.63469
7.72768
7.12179
12.796
16.4007
15.7232
16.3984
17.5496
15.8168
14.9582
15.6562
14.4194
16.1108
14.4101
5.68105
6.01997
7.34245
3.84683
3.87382
3.81725
6.41563
7.9616
8.17558
6.93307
5.74083
6.66089
6.91906
12.225
16.3638
15.0092
15.7385
18.0109
15.8608
13.6105
15.3137
14.8649
15.2494
13.2234
6.80455
6.70918
7.36833
3.11064
3.46168
4.98449
8.51267
8.87382
9.37719
7.90355
5.78317
7.29196
7.65925
13.2696
17.5594
15.6994
15.4372
18.5359
16.2788
13.2769
15.4002
15.2858
15.2201
12.854
6.03788
5.74648
8.13021
2.04661
0.198882
4.64607
9.47095
9.07721
8.67654
8.9539
6.33188
6.93118
6.85979
13.4947
17.3592
16.0406
15.2646
17.3992
15.6329
13.1772
14.937
14.8276
14.3882
12.5583
7.44887
7.36694
8.37184
1.4633
2.92152
5.33067
10.1011
9.71678
10.0252
9.86733
6.35237
5.60187
7.58015
13.4259
15.4833
15.014
15.4603
17.7483
15.8077
13.7631
15.0029
14.8819
14.215
11.2388
6.01165
5.82957
6.75281
4.68451
5.06598
5.33352
10.2646
9.74591
10.2283
10.518
7.03105
7.06107
6.7087
13.0412
13.7208
14.5111
15.7379
18.3724
16.1833
15.1308
16.5551
15.8889
14.5342
12.1313
7.19422
6.99888
7.17467
5.0786
4.60826
5.53479
10.1322
9.6308
10.8947
10.8466
7.77947
7.05749
6.83269
11.3835
12.3927
15.2351
15.7906
17.6535
15.7932
15.1927
16.1987
15.6707
14.1017
11.7401
6.38276
6.12059
6.73151
3.442
3.83623
5.81535
10.0652
9.60647
11.1377
11.3359
7.78018
6.87164
6.00099
8.96996
12.9094
15.5834
15.804
18.0964
16.1357
14.7924
16.1343
15.0383
14.4783
12.48
5.81409
5.50527
6.62734
3.82214
4.24281
5.79504
10.0241
9.56651
10.9676
10.9781
7.93876
7.87519
6.72853
10.3105
13.6198
15.8797
16.4871
17.3831
15.659
15.1789
16.2244
15.41
14.6321
12.9783
6.34558
6.2415
6.94914
4.88777
4.79164
6.99361
9.98212
9.56349
11.3471
11.753
10.3336
8.62898
7.84285
12.5263
14.4594
15.1561
15.4694
17.6725
16.041
15.3702
16.7965
16.0827
15.1692
12.9821
6.43988
5.89812
7.14324
1.20644
1.60007
6.75617
10.3664
9.72008
11.4135
11.071
10.2198
8.78687
9.48268
13.9939
15.9221
15.1672
15.9995
17.3442
15.6407
17.0206
17.8156
16.9316
16.0469
13.6518
7.22957
6.75472
7.55046
5.22307
5.45777
7.51517
10.9814
10.27
11.0839
10.6373
10.114
8.22519
9.87313
13.9633
16.6972
15.9928
16.0778
17.8159
16.6273
16.4108
18.1748
17.1205
16.0346
13.5321
7.83324
7.11303
7.93508
5.25638
5.1371
7.35776
11.6241
10.5165
10.8442
11.5797
11.1544
8.07763
9.34594
13.4348
16.4628
15.6604
16.077
18.2466
16.6834
15.6982
17.6508
17.0252
15.5749
12.3636
7.64257
6.88154
7.84705
6.13373
6.10628
8.42519
11.9192
10.8014
10.7602
12.2468
11.7516
8.40699
9.00385
12.5442
15.4512
16.3924
17.09
19.1008
16.4275
16.6549
17.1691
16.9336
15.6089
13.1555
7.74148
7.45688
8.09118
5.06134
5.34697
8.2043
12.056
10.807
9.52953
11.2603
10.7904
8.73139
7.72035
13.2377
16.8379
16.4328
17.2416
18.556
16.6856
16.6536
17.2068
16.1072
15.6928
14.2076
8.45956
8.40906
8.76914
4.99189
5.6909
8.80027
11.5939
10.5997
10.0814
11.5579
10.5239
8.40038
8.80141
12.0112
15.441
16.2731
17.4461
19.2708
17.1263
16.2698
16.869
16.2729
15.3312
13.2141
7.22713
7.58426
8.06991
0.0679729
2.90782
8.12134
10.4098
9.00899
9.65715
9.9906
9.38053
6.80143
6.44746
9.79503
14.773
16.5954
16.4434
18.1342
17.0042
16.3269
17.0712
15.9918
15.1496
13.033
8.42676
8.40185
8.52309
4.22805
2.71335
7.81925
10.0077
10.5109
11.7848
11.2893
9.9074
7.35267
6.13028
10.6963
14.0827
15.8083
17.6462
18.2767
15.8419
16.4275
17.3497
16.6515
15.0021
13.145
7.12951
7.47872
7.94971
0.869003
3.97478
8.15829
10.5078
9.73065
10.826
11.9438
10.549
7.80806
7.49238
13.113
14.9012
16.8224
17.0337
18.4472
16.7889
16.423
17.2536
16.0818
15.5473
13.5697
7.0554
7.38272
7.84645
4.3927
3.74449
7.1373
10.386
10.3543
12.9806
12.1022
11.0594
9.80303
10.5748
14.5617
16.741
17.1042
17.0146
18.3972
17.081
16.4881
17.66
16.9406
15.643
13.666
8.30827
8.05005
8.7267
-0.496152
1.74749
5.35743
9.18137
11.266
12.7593
11.868
11.9897
10.5756
10.5888
15.0948
17.7493
16.7412
17.4325
18.2317
16.8775
16.5895
17.5821
16.8613
16.3875
14.3449
7.69181
7.66085
9.02705
4.4827
5.50386
8.26476
10.5781
11.0949
13.2138
12.318
12.0799
11.5015
11.2225
15.8743
17.7035
16.7943
17.1063
18.4813
17.7114
17.0731
18.6494
18.0167
16.9935
15.2698
8.59103
8.45762
9.16013
1.79187
1.51516
9.14982
11.56
12.2499
14.3807
13.7272
13.1512
11.0511
9.96647
15.7509
16.6955
16.0037
17.6016
18.7677
16.949
16.9773
17.8115
17.3706
16.5652
14.2151
8.15178
7.80135
9.48661
4.45322
4.2339
9.14078
11.6479
12.3675
14.5408
13.5451
13.5107
9.78241
9.44769
15.3432
16.6947
16.8146
17.49
19.2229
17.5801
16.5156
17.8689
17.6418
16.8331
13.9477
8.74714
7.63721
9.55496
5.43399
5.47648
9.23711
11.5103
12.3462
14.5668
12.7278
12.7638
10.4369
11.4778
14.0155
17.4541
16.9756
17.9711
18.9946
17.0257
16.0374
17.5654
17.4669
16.4395
13.9942
7.49688
7.7241
9.6784
6.06502
6.25644
9.23693
11.0994
12.6178
14.9379
13.2973
13.8197
10.599
10.427
14.3289
17.2133
16.6217
18.1091
19.0345
16.9648
15.8619
16.9959
16.5544
15.4961
13.3134
7.52273
7.87506
9.89594
4.83932
5.31654
8.70561
11.6167
12.2161
14.4175
13.9293
13.4648
10.3854
10.7597
14.1371
15.4492
17.3653
17.2189
18.6865
17.0297
15.8371
16.8515
16.866
16.0053
13.286
8.54366
8.23439
9.70038
3.20328
2.62889
8.65776
10.296
12.1776
14.4365
13.9911
13.6748
10.5572
10.7711
15.0123
16.5935
16.6317
17.1651
19.1447
17.6855
15.7051
17.4143
17.6995
16.6642
13.8326
8.7947
8.24448
9.72114
3.81542
4.95298
8.63973
10.4589
11.6059
14.3642
12.9291
12.3984
10.2691
11.6579
14.9098
16.7315
16.5998
17.5903
19.2455
17.38
16.0316
16.9566
17.0888
16.4344
14.2636
8.75413
8.43345
9.5476
4.99204
4.98498
8.32419
11.0183
12.3285
14.6785
12.4995
12.4296
10.7001
12.5921
15.7361
17.0403
16.9035
17.3826
18.6177
17.417
15.9727
17.8682
17.5334
16.588
14.6396
8.1205
8.18342
9.64703
3.94333
3.48461
7.98456
10.5906
12.1492
14.7448
13.6742
12.9814
10.2
11.0781
16.1829
17.7672
17.01
17.5703
18.0173
17.3504
16.217
17.1696
17.7281
16.7317
14.8992
7.90798
7.8464
9.78585
3.55319
4.31163
7.88196
9.29026
12.1505
14.6922
13.2071
12.8652
10.1803
11.5387
15.6884
18.3357
17.9297
17.987
18.4547
17.6642
15.9417
16.6367
17.388
17.1596
14.946
8.14185
8.16059
9.89596
4.55489
4.69038
8.15187
10.7931
13.2069
15.3435
14.0714
13.6857
10.1644
10.1016
15.3184
17.6456
17.3306
18.1958
18.9212
17.4584
15.9412
16.8617
17.1287
16.772
14.4769
8.12599
8.06902
10.3371
5.4465
5.62598
8.93669
11.2578
12.7565
15.4891
13.8809
13.3385
11.3278
9.02032
15.3926
18.1722
16.8044
17.6529
18.5086
17.4301
15.9
16.2958
17.1438
16.3388
14.0046
8.82909
8.7298
10.4917
7.06991
6.90402
8.77341
10.98
13.5458
15.7584
12.7749
11.9026
10.6406
10.532
13.9114
16.9539
17.1307
18.0302
18.2654
17.0715
16.0902
16.3672
17.3341
17.4023
14.6293
9.52897
8.24453
10.4608
5.62585
6.01182
8.5051
10.916
13.3016
15.8324
13.459
12.4449
11.4948
11.1306
14.9513
17.9353
17.3392
17.7163
18.8164
17.5386
15.3892
15.7158
17.587
16.7438
14.2875
8.9685
8.51384
10.6135
4.83057
6.23984
9.64146
11.3824
13.5708
15.8731
13.1376
12.2083
10.2362
11.2391
15.5954
16.899
16.5318
17.9287
18.9081
17.2867
15.7836
16.1823
17.0842
16.9941
15.5244
8.80222
8.27962
10.5418
8.09245
8.13805
9.98737
11.2857
13.6415
15.9398
13.3239
12.3081
10.8523
11.4868
15.8914
17.7847
17.3064
18.61
19.1412
17.8484
16.7162
16.8947
18.3049
18.0645
15.1127
10.0086
8.66047
10.7011
5.69751
5.93327
8.64137
10.7581
13.4245
15.9757
13.8763
12.8711
10.0055
11.1219
15.0747
17.6626
17.6421
18.1735
19.6408
18.2215
15.9997
17.3199
17.8151
18.1735
16.5622
8.78545
8.23172
10.7449
8.12156
8.10956
9.17406
11.2398
13.4946
15.7741
12.8764
10.9906
9.76017
11.2242
16.0877
18.2692
17.6015
18.2334
18.212
17.3619
15.6338
16.3657
16.9598
17.1054
14.5469
8.79115
8.24373
10.5665
3.17832
4.77124
8.87867
10.6837
13.2827
15.6397
13.1993
12.5494
10.5812
10.4488
14.6663
17.2137
17.1573
17.7138
18.7014
17.569
15.8915
16.4816
17.2162
15.908
13.8916
7.7972
8.02352
10.3994
3.03735
3.30507
8.73055
10.9595
13.3608
15.7015
12.9829
11.754
9.56327
9.44093
14.742
18.0309
17.7685
18.1693
19.144
17.6815
16.3788
16.1499
16.9749
16.5577
14.5973
7.83329
8.27853
10.5964
6.45657
6.51964
8.67801
11.213
13.6612
15.8729
13.3481
12.8168
9.95483
9.5759
15.3295
17.9251
17.9521
18.2396
18.6695
17.6408
16.3086
16.5397
17.2959
17.4009
15.7411
8.58718
8.57183
10.6768
4.24729
4.57688
9.08548
10.9371
12.9689
15.491
13.0121
11.8316
9.26536
9.68266
14.7231
18.3611
18.0624
17.8914
18.6486
17.51
16.3194
17.3928
18.2558
17.8945
15.4803
9.64459
7.72841
10.5314
6.71466
6.83775
9.02683
11.1412
13.2281
15.4019
12.7623
12.0039
9.11811
8.71524
14.8643
17.8934
17.4808
17.6849
18.4643
18.0176
16.3701
17.2701
17.9081
17.9504
16.0028
9.163
8.49447
10.3851
4.69198
4.97157
8.67004
10.9451
12.8652
15.2583
13.0351
12.175
9.54838
8.86554
13.4667
18.035
17.8411
17.8813
18.1937
17.2278
16.4045
17.6697
17.8242
17.7382
16.2618
9.06272
7.66187
10.3085
3.59452
4.61882
9.21443
10.9059
13.0642
15.2145
12.8582
12.3056
9.51317
9.45941
14.6268
17.9049
17.2774
17.7079
18.4629
17.6289
16.404
17.8672
17.2862
17.604
15.529
7.83439
7.84259
10.2062
5.48088
5.57312
9.33972
10.8449
13.2359
15.3088
12.7689
12.0219
10.2776
8.9081
16.1535
18.606
18.0594
17.9172
19.022
18.1406
16.3787
17.1709
17.6655
17.7472
15.6955
9.18297
7.99607
10.3857
6.53394
6.552
8.84073
10.9179
13.1058
15.2577
12.0982
12.5638
10.6257
9.40237
14.9872
18.0593
17.5886
18.2672
18.9505
17.8388
16.5191
17.5216
17.712
17.6634
15.9243
8.53337
8.32968
10.2036
6.65401
6.82881
8.92766
11.1799
13.2541
15.4216
12.9906
12.2114
10.2897
8.96114
15.2287
18.523
18.0958
18.3022
18.6943
17.8535
17.2714
17.5595
17.1718
17.0926
15.2561
8.26683
8.29177
10.5051
4.75954
6.01158
9.23333
11.1604
13.2474
15.543
13.5392
12.95
9.97668
9.35856
13.0504
17.368
18.7891
18.7995
18.5922
17.7962
17.4668
17.6501
16.9608
16.8856
15.1254
8.3366
8.40907
10.5228
4.90292
4.52076
9.01921
11.1021
13.5026
15.8699
13.3564
12.6732
10.32
9.59143
13.7731
16.7863
17.7395
17.9166
18.6334
17.3261
17.5535
17.9255
16.991
16.0229
14.3256
8.28157
8.07083
10.5821
5.41809
5.99223
8.82567
11.5313
13.3294
15.8045
13.2041
12.5441
10.1459
10.0645
15.2488
18.0662
18.5095
18.04
18.2978
17.6202
17.726
18.3013
17.9081
17.5435
15.7418
8.42454
8.17189
10.6407
3.73682
5.07758
8.90169
11.1792
13.5069
15.9195
13.1832
12.2508
10.36
10.7842
15.8966
18.5031
18.5946
18.1405
18.5146
17.7378
17.3732
18.1087
17.4592
17.4597
15.0035
9.21726
8.64333
10.9027
7.23582
7.23637
8.3839
10.0034
13.478
15.9906
13.5879
12.8651
9.67184
10.444
15.0127
18.2455
18.9244
18.3908
18.9046
18.0046
17.4329
17.9734
17.4672
17.5
15.4732
8.58102
8.38276
10.9114
6.73208
7.09018
7.51602
9.88763
13.4815
15.994
14.0208
12.8904
10.3346
10.7515
15.3708
18.7513
19.2382
18.5815
18.314
18.1
17.1869
17.4302
17.9277
17.7561
15.5851
9.03326
8.79254
11.1516
7.23815
7.15441
8.28376
9.79143
13.4247
15.9265
13.7305
12.9412
11.0696
9.45781
16.0995
18.9169
19.384
19.1671
18.2884
17.6572
17.2947
17.6206
18.0961
17.8068
15.8229
8.20063
8.33884
11.0468
7.21383
7.33786
8.63777
10.0011
13.143
15.7791
13.6248
12.2211
10.2103
9.96478
16.1477
18.6931
18.7881
17.9473
19.4377
18.5268
16.5584
17.1982
17.5753
17.448
15.819
8.55227
8.6675
10.9042
5.05226
5.41733
6.84918
10.0227
12.9165
15.5352
13.1634
11.2992
9.24122
9.54701
14.361
17.5466
18.3432
17.9125
18.9531
17.7425
16.0956
16.4176
17.0872
17.3013
15.1568
8.46463
7.92116
10.4472
7.85851
7.72007
8.17746
10.6818
12.5432
15.1064
12.9034
11.1016
10.9183
9.9962
15.0299
18.1922
19.2755
18.8178
18.9253
17.6956
16.8357
16.8559
16.3571
16.3966
14.1021
8.79385
8.86703
10.5773
6.99848
6.91603
9.31507
11.2803
11.2895
13.994
12.2822
12.2493
10.1107
9.64627
15.2263
18.4632
19.4749
19.0269
19.1637
18.4832
16.8927
16.6519
17.1102
17.2936
14.5106
8.72431
8.77869
10.3238
7.37937
7.39758
9.86366
11.7882
10.6156
12.2431
12.3095
12.2423
10.5974
10.4335
14.5286
17.9103
18.9749
18.3835
19.8375
18.8042
17.5646
17.4109
17.2304
17.7181
15.9819
9.15946
9.14085
9.82866
6.21535
6.36779
8.94463
12.0629
10.3589
11.6068
11.7511
11.1499
9.24981
9.60319
12.5981
17.9987
18.5777
17.5567
19.0451
18.6267
17.3846
16.7864
17.0786
16.6704
14.8051
8.12978
8.45852
9.69504
5.63566
5.66996
9.47273
12.0501
10.5807
12.5343
11.6486
10.5309
9.56223
8.36082
15.7035
18.0526
17.9943
18.0508
18.5042
18.121
17.0162
16.4216
16.7745
17.0729
14.5496
9.10193
8.5282
9.33422
6.1033
6.11381
9.64837
11.9708
10.9479
12.9944
12.0411
11.4706
9.32005
8.2965
12.8457
17.4665
17.8877
18.423
18.6192
17.8768
16.8033
16.8581
16.5726
16.5548
14.4543
8.12293
8.3999
9.46011
6.74793
6.523
9.49285
11.624
10.8846
13.2534
12.5863
10.705
9.73175
8.30211
14.679
17.6216
18.4514
18.2264
18.3868
17.8394
16.8988
16.9581
17.2346
16.6464
14.8753
8.23878
8.42574
9.54622
4.62357
5.08326
8.48429
11.2043
11.19
13.3528
11.6731
11.3818
9.81538
8.762
13.125
18.1502
18.7635
17.8455
18.2408
18.2192
16.4184
16.5342
17.2996
16.3925
13.248
8.76881
8.43805
9.96623
6.03727
5.73603
8.50184
10.4764
10.8209
13.3993
11.5745
10.0248
8.9976
8.3593
14.6072
18.0065
18.5155
17.8963
18.427
17.568
16.4575
16.7214
16.4855
15.8421
13.7746
8.13273
8.19556
9.77343
5.65164
5.37234
8.13839
10.0397
10.5784
12.8437
11.4455
11.3044
8.72215
8.59616
13.4245
16.9673
18.5171
18.5971
19.5557
18.3791
16.9261
16.8503
17.2332
17.1694
14.5455
8.47223
8.51057
9.19197
6.36714
6.12793
8.11354
9.53343
10.8601
13.3471
12.46
11.7739
9.12514
9.33803
13.2431
18.0989
18.6941
17.9091
18.3093
17.4279
16.7538
17.1279
17.0829
17.4822
15.4634
8.52921
8.30894
9.95593
6.39173
6.09054
8.04187
9.25852
11.6081
14.1329
12.1152
11.1724
9.56819
8.70253
15.2491
19.387
19.0865
18.2684
18.5071
18.2732
17.3762
17.6322
17.2371
17.6643
15.9657
8.5438
8.63725
10.8161
5.06751
5.43567
7.15431
10.0974
12.1644
14.8523
12.7595
11.063
9.64699
9.92122
14.1654
18.5412
18.3228
18.193
18.2231
17.5488
17.1488
17.4359
16.7646
16.8243
15.1848
9.01849
8.91917
10.5689
4.83644
5.71792
7.51501
10.4906
12.3014
15.0436
13.1226
11.6866
9.76112
9.20899
13.6448
17.6669
18.5015
17.8165
19.0104
17.977
17.6241
18.0293
16.9044
16.4253
14.1105
8.32997
8.423
10.2201
5.33953
5.37786
8.16143
9.90365
12.8144
15.158
12.6907
11.5637
10.5035
9.22983
14.2663
18.5961
18.7668
18.1
18.497
17.5023
16.7882
17.6927
17.0999
17.0218
15.126
8.97216
9.07201
10.7229
8.14732
8.00455
8.75683
10.1234
13.1151
15.5132
12.869
11.4827
11.3211
11.2074
14.4753
18.8615
18.9493
18.2244
19.2297
18.259
17.0637
17.155
17.4512
17.6782
15.9919
8.91585
8.78443
10.8789
1.83414
1.33927
7.19913
9.39145
13.4269
15.7255
12.8214
11.4563
10.9214
11.4347
14.265
18.0509
18.2768
18.2707
19.6663
18.1336
15.9421
16.2652
16.9645
16.886
14.6996
8.88557
8.76055
10.6652
6.38058
6.7834
8.56033
9.02894
13.5601
15.9434
13.4184
11.4317
10.6057
11.5834
15.7853
17.8042
18.2537
18.052
19.4746
18.6678
17.1308
17.2874
16.9907
17.0152
14.3071
9.02123
8.94526
10.7705
6.77951
6.80153
8.6196
9.29062
13.5204
15.7592
13.1304
11.0271
10.658
10.5822
14.2034
16.9019
18.2377
17.5323
17.8499
17.6036
16.6667
16.5808
16.7892
17.3236
14.9358
8.72173
8.30061
10.5333
4.61954
5.49997
7.70743
10.2022
12.746
14.6685
12.1074
10.8836
9.52328
8.99454
14.9869
18.0488
18.0766
17.9113
18.4254
17.5354
17.1095
16.6774
16.9298
16.9605
14.8019
8.48996
8.07191
9.93114
6.75905
6.97717
8.99615
10.6322
12.0786
13.1597
10.8173
11.0736
9.46886
9.77436
14.9178
16.8229
18.475
18.6956
20.265
19.0499
17.1369
17.1649
17.1299
17.7821
15.8714
8.55232
8.7794
9.01832
6.07569
5.94357
9.41679
11.0355
11.8634
13.6196
11.5182
11.5629
8.44167
8.61547
15.9658
18.3001
18.5789
18.6006
18.7008
18.0279
15.8091
16.35
16.6618
16.168
13.5468
8.4476
8.38208
9.65368
5.60321
5.54834
8.74078
11.0398
10.5844
13.9275
12.4192
10.7013
7.1358
7.07244
14.8047
17.3814
18.4909
18.1836
18.8308
17.9384
15.7742
16.3933
16.4818
16.3051
14.1428
7.83821
8.0422
9.49825
5.36936
5.51782
8.01526
10.6804
12.9421
14.9779
12.4532
10.0946
8.39595
8.17295
11.8741
16.8304
18.0277
18.0353
18.5917
17.4333
15.9791
16.2144
16.5712
16.2709
14.0905
7.7103
8.04062
9.92723
3.39365
4.18814
8.31594
10.3763
12.265
14.3569
11.9456
10.4108
9.08506
8.27804
13.2992
17.4636
18.1199
17.9547
19.5121
18.1088
16.7339
16.6687
16.3313
16.2303
13.7374
7.78041
8.28904
9.65278
4.56465
5.00801
8.82721
10.2938
10.3623
12.2616
11.5242
10.3018
8.28328
9.11157
13.1171
18.2349
18.03
17.4655
18.8102
16.7656
16.2646
16.3485
15.8716
16.0316
14.7601
6.34923
7.32089
9.67444
3.43429
4.99051
8.30113
10.4255
10.4917
12.521
10.2801
10.1203
8.54035
9.29756
13.8248
18.1104
18.187
17.948
18.6478
16.9072
15.6485
16.7862
16.3514
15.6459
13.485
7.93028
8.25632
9.72963
5.76336
5.72239
7.2704
9.86868
11.0044
12.3883
10.2079
10.2197
8.11655
9.11503
13.5013
17.6174
17.6958
17.494
19.1848
17.2529
16.1183
16.6732
16.1901
16.2279
14.8613
6.83768
7.55159
9.25094
4.76828
5.37471
6.43445
9.32636
11.5987
13.3353
10.9665
9.51436
7.92836
8.30372
13.8346
16.6476
17.7173
17.2128
18.6787
17.893
16.0683
16.4237
16.1055
15.5285
13.865
7.44692
8.05342
8.87257
6.15405
5.84945
7.55033
8.9576
11.5896
13.7713
11.1522
9.59818
8.80838
7.90095
14.1874
17.3432
17.3677
17.8372
19.2656
17.4789
16.4561
17.5705
16.175
15.3911
13.3595
6.70675
7.6022
9.12747
1.54814
-0.275843
7.28288
9.68595
10.0308
13.6751
12.2439
10.8572
6.94505
7.90543
13.835
17.3441
17.7793
18.0042
18.5274
17.4101
16.4934
16.9845
15.9819
16.0255
14.0716
7.25213
7.75581
9.18607
6.39604
6.28148
7.64402
10.0936
12.6385
14.6739
12.2588
11.5669
9.13699
7.80193
13.8121
17.3807
17.2935
17.668
18.3033
17.17
16.7251
16.7947
16.3811
15.8513
13.4815
7.44663
7.8018
9.72645
4.61169
3.90112
8.01669
10.3396
12.8551
14.9441
11.9069
10.3208
9.13421
7.69755
13.3541
16.9509
17.6091
17.9808
19.0996
17.4648
16.6029
16.7383
16.4321
15.8417
14.2909
7.30822
7.80707
9.86869
2.31442
3.62391
8.44319
10.4607
11.5375
14.274
12.2246
11.1032
8.34625
7.12875
11.9508
15.7344
16.7412
17.9376
17.9316
16.8329
15.793
16.3005
15.8411
16.1237
14.2713
7.67693
7.8008
9.2774
5.04281
5.13973
8.36176
9.60876
11.4691
14.1084
11.7341
11.2378
8.58773
8.7088
10.7308
16.2968
17.1476
17.7358
18.0146
16.146
16.2167
17.2318
16.2837
15.5134
14.046
7.00163
7.13581
9.13629
4.7834
4.62513
6.9712
7.26964
12.2744
14.4211
12.0928
11.7992
6.8677
7.50247
9.56449
16.5338
17.4178
17.0914
17.2119
15.6873
16.2342
16.9748
16.0753
15.9358
13.7922
7.39277
7.35153
9.44983
6.47486
6.30469
8.18851
9.35704
11.4608
13.5672
11.2457
10.8356
8.30033
7.88497
10.0862
15.6576
17.4153
16.9953
17.8294
16.7616
15.4607
16.197
16.1419
15.7805
14.1908
7.52238
7.46733
8.80328
4.11879
4.38861
8.72817
10.6213
9.19407
11.866
10.6783
10.5303
6.58606
6.5496
8.96239
16.3056
18.0434
17.6325
18.4486
16.5819
15.937
16.5283
16.3688
15.5089
13.5107
7.2456
7.61272
8.59647
3.82913
3.77388
9.09359
10.7341
9.76553
11.2668
10.022
9.86327
6.78663
7.50413
8.84039
16.8746
17.6911
17.0805
17.9005
17.3375
16.3835
16.6635
16.6321
16.0513
13.9043
7.82551
7.80268
8.8179
2.74455
3.24057
8.67255
10.3573
10.626
12.1027
9.98237
10.6695
6.75359
6.89795
11.8891
16.3884
17.6527
17.2999
18.3035
16.5913
16.7829
17.1877
16.3689
15.7342
13.8099
7.72874
7.45574
8.63244
3.96759
4.09724
7.52249
9.38294
10.3591
12.1737
10.8419
11.0062
7.60982
6.96961
12.712
16.5138
17.3231
16.6152
17.5539
16.7407
15.9628
16.8095
16.4901
15.7357
13.775
7.21403
7.10222
8.46803
5.63609
5.64008
6.56428
6.52604
9.04711
11.5737
10.8921
10.9115
8.39354
7.09957
12.0579
15.6429
17.09
17.0965
17.5411
16.3195
16.0065
16.0193
16.0851
15.3826
13.0921
7.87687
7.14057
7.81397
3.16097
3.96258
6.31905
7.97096
8.86105
10.6904
11.5654
11.5326
8.03608
7.67915
10.2899
16.1264
17.5676
17.3871
16.6802
15.5741
15.4047
16.7766
16.1065
14.3303
12.4939
6.69938
7.09611
8.24369
2.45183
3.84782
7.14885
8.89079
11.1055
12.5907
11.0735
11.0073
7.63023
8.25814
10.8086
15.2589
16.8803
17.5752
18.0328
17.4538
16.0647
17.0274
16.0114
14.7554
12.9655
6.53732
7.49362
8.24282
1.43322
3.40737
6.70193
8.60632
11.3635
12.8742
10.8166
10.4225
7.50058
7.46794
10.3958
15.938
16.8823
15.9778
17.7606
16.4446
15.6639
17.7454
16.9616
14.5308
12.5697
6.97885
7.01783
8.44059
3.89518
4.85434
6.2368
9.17611
10.449
12.0353
10.9564
9.93529
8.50782
7.05115
11.9225
15.6832
16.4687
16.6445
17.4867
16.3551
16.6006
17.9257
16.8885
14.8374
13.2348
6.6903
6.63603
7.70182
4.7031
4.9774
8.85963
10.4778
10.3696
12.2941
11.3839
10.9642
8.56849
6.33934
11.277
16.2864
16.8621
17.5499
18.9106
17.9817
17.7133
18.2328
17.3942
16.2403
13.4989
8.73568
8.3855
8.85337
6.24926
6.35389
9.88024
11.0615
10.722
12.2469
10.8427
10.4245
9.38655
8.78353
11.1813
16.8362
18.0094
18.2764
19.002
18.3019
18.111
18.286
16.6825
15.9224
13.9498
7.70462
8.19266
9.02451
2.93842
3.31082
9.44487
10.8681
10.9017
11.6354
11.6002
11.2275
9.08396
6.64532
10.7922
16.5109
18.0222
18.0458
19.1052
18.4352
17.3777
17.7312
16.8956
16.019
13.6963
8.73475
8.80272
9.21999
5.87546
6.05695
8.94521
9.57866
11.6596
12.3965
11.838
11.6768
9.29895
9.09262
10.5709
15.9141
17.6559
17.6547
18.0927
17.4801
17.1159
17.8399
17.7395
15.7862
13.3233
8.0097
7.7755
8.64115
4.41402
4.44274
8.801
9.69296
11.5001
11.7894
12.2366
11.9803
9.71869
8.18948
12.4073
16.9485
18.8881
18.5073
18.112
17.3569
16.8257
17.8238
17.0769
16.6738
15.231
7.74467
7.95925
9.09744
4.70126
4.6782
9.41257
10.7392
11.5212
12.4207
12.1884
12.0774
10.3071
8.64134
13.927
18.1058
19.0641
18.5908
18.4303
16.9305
16.9467
17.9822
18.067
17.394
15.092
8.20896
8.13571
9.72959
6.84688
7.02161
8.92489
10.6663
10.3776
12.1003
12.696
12.4841
10.4758
10.5302
14.9236
17.4551
18.8065
18.8032
18.7723
17.7905
16.5867
17.5663
17.8546
17.474
14.582
8.9196
8.46173
9.39508
2.60048
4.04908
7.28512
8.6555
9.32791
11.6483
11.6464
11.2228
10.3328
10.0107
14.4083
18.019
18.8887
19.2573
19.1263
17.7512
16.8686
17.436
17.155
16.9117
15.2035
7.78946
8.64906
9.81582
6.14465
6.58774
7.60811
8.6652
10.5761
12.4768
11.6878
11.7904
10.0714
12.0878
14.6029
18.3638
18.5434
18.8052
18.3798
16.9292
16.6802
18.0763
17.3157
16.3447
13.8547
8.37348
8.51229
9.91172
7.41029
7.40635
8.01208
8.08992
10.8915
12.7363
9.8981
11.3112
11.3169
12.0529
15.4867
17.8112
18.1971
18.7685
18.1839
17.464
16.6973
17.3528
16.8148
16.0655
13.5323
8.25053
8.24512
9.49912
6.50737
6.42318
6.61308
7.26818
9.16911
11.7529
10.1821
11.5599
10.9409
11.0912
16.8664
18.6057
18.556
17.8151
17.5319
17.3571
16.1627
16.5731
16.4191
16.4318
14.4808
8.27486
8.16068
9.54593
7.40165
7.26784
7.52545
8.25065
9.4949
10.533
10.519
10.9869
10.0005
10.9042
16.5616
18.1542
18.2032
18.2516
17.9144
16.9568
16.348
16.9006
16.6327
16.487
14.7608
8.19615
8.16331
9.30317
4.05357
4.04145
6.49984
7.96676
10.4886
11.3989
11.1118
11.1526
9.21419
9.48954
13.8459
17.9936
17.9695
17.4062
17.6927
16.6139
16.5507
17.1268
16.962
16.8914
14.4284
8.79994
8.28174
9.61234
3.38632
3.91185
7.40915
9.3281
10.9981
11.8294
10.4589
11.9136
11.1133
9.92922
14.1993
17.2503
17.8481
17.8602
18.0382
17.5777
15.4855
16.7866
17.0045
16.4036
13.7925
8.63581
8.31014
9.18334
3.22533
3.58965
7.4696
9.58403
10.4599
10.8069
10.0389
12.2326
11.2585
10.1588
12.7745
17.1933
17.4493
18.2854
18.2765
16.913
16.2576
16.9799
16.1454
15.3539
13.2503
8.31788
8.52546
9.09118
4.19741
4.09645
7.24902
9.0335
10.0554
11.5425
9.47898
9.14701
10.0571
9.6796
12.3549
17.3751
18.1331
18.3164
17.973
16.7222
16.1144
17.6073
17.2314
16.5359
14.1782
8.04321
8.08894
9.10575
6.4246
6.46149
7.17316
9.425
9.34791
10.5715
9.54838
10.8608
10.111
10.0428
14.3546
16.2163
18.0248
18.1883
17.1189
16.6874
16.2302
17.177
16.6433
16.6679
14.9352
8.27847
8.23984
8.58041
4.0949
4.92119
6.0656
7.07165
9.43664
10.719
10.6036
10.8315
10.4657
11.3544
13.3749
15.4067
18.2018
18.2402
18.0332
16.5529
17.1327
17.2553
17.2604
16.9682
14.5904
8.59965
7.48244
8.0146
6.86336
6.77989
6.85808
7.10172
9.60431
11.0401
9.46001
10.3912
10.1165
9.17718
13.6555
18.3525
17.9812
17.5145
17.4426
16.2576
15.7819
17.7313
17.4506
17.0408
14.7845
8.19676
7.54828
9.57711
7.09817
7.03428
7.46249
7.02996
8.40187
11.1106
9.62479
10.4746
10.1256
11.1584
13.851
18.2032
17.9724
17.4999
17.896
17.1599
15.6936
16.6987
16.9375
17.2122
15.2325
7.16534
7.13669
9.50418
4.11864
5.03338
7.67434
9.52766
9.91035
12.1057
10.7239
9.87017
9.29008
10.631
13.847
19.0417
19.3085
18.6774
18.12
17.2284
16.2355
16.8892
17.3937
17.6727
15.7661
7.74069
8.1349
10.2802
5.31264
5.76007
7.86354
9.15651
9.7284
11.952
11.3511
10.0103
9.11827
10.0197
15.3037
18.6327
18.7713
18.1154
19.1161
17.8047
16.0995
17.3446
17.096
16.5257
14.6114
7.81022
7.59774
9.77164
6.43265
6.37464
8.55008
9.3868
10.1341
12.2291
10.694
12.4407
10.4816
9.81285
13.8843
17.1748
18.7902
17.6969
18.36
16.7411
15.8821
16.9389
16.0862
15.2491
13.6185
7.16985
7.3917
9.02394
6.14386
6.2348
8.39861
10.5548
11.1477
13.4789
12.4465
12.5386
10.4522
10.0924
14.5696
17.7544
18.0433
17.8374
17.8725
16.6518
15.3526
15.7104
16.0406
15.9499
14.4022
7.29745
7.73295
9.38298
5.73369
6.15032
7.53391
10.0241
11.0142
12.1167
11.9991
13.4493
10.8353
11.4237
13.7875
17.1205
17.6781
17.6673
19.0668
17.8497
15.4766
16.0881
16.0324
16.7693
15.1831
6.75507
7.56612
8.84262
4.68825
5.55841
7.30222
9.93105
11.326
13.6527
13.0993
13.6821
10.4033
10.1033
15.1132
18.5226
18.0807
17.7428
19.1484
17.7399
16.8652
16.2833
16.7531
17.2016
15.4538
8.03503
7.85063
9.83783
6.26618
6.41988
8.45044
9.36442
11.1588
12.3709
13.2488
14.7005
10.71
10.7617
15.5237
17.609
18.2925
18.2469
17.9262
17.2555
15.7338
15.4957
16.6312
16.8661
14.6477
7.37835
7.47744
9.25331
7.41027
7.15577
9.11715
10.2626
10.2926
12.6301
13.8482
14.8973
11.5171
11.2836
14.7977
18.0771
18.0679
18.3045
18.3926
17.7494
16.3446
16.0769
16.2251
16.1756
14.099
7.24225
7.88066
9.65532
3.48886
3.52015
9.15648
10.8681
10.7492
13.0058
12.4303
13.6593
11.1981
8.65664
15.2092
18.3546
18.3198
18.2145
19.1552
17.5801
15.6158
15.0383
16.0105
16.2979
14.742
7.7667
7.81029
9.81742
6.10056
5.82601
9.62898
11.0049
10.9736
11.8664
13.5482
14.6622
10.0279
10.1011
14.7465
18.0883
18.6472
18.7298
19.5327
18.2781
16.0324
15.0538
17.4246
16.8305
14.2844
9.11516
8.86138
9.83813
5.14981
5.39296
9.86256
11.6853
11.2721
13.1227
12.6849
14.0683
10.0741
9.95629
15.2639
17.7908
17.9953
17.9469
18.5234
18.0928
15.9617
15.8801
17.1284
17.0831
14.9996
9.34465
9.27296
9.86956
3.72146
5.29646
9.36846
11.3766
11.0767
13.4191
13.5347
14.3397
9.74295
9.70247
15.1405
17.949
18.318
18.4781
19.1312
17.9573
16.5286
16.2024
17.2398
16.8705
15.1153
9.29131
8.95076
9.84676
3.72277
4.58097
9.34289
11.4158
11.4688
13.5318
12.5182
13.7586
10.629
8.4597
13.8393
17.2128
17.4809
18.1355
18.8942
18.1638
15.8977
16.1091
16.12
16.253
14.2683
9.48512
9.39976
9.82525
5.81197
6.0397
8.80993
10.9082
11.466
13.5799
12.6286
13.481
10.1511
8.97346
13.3194
16.2562
16.9353
17.4297
18.2262
17.108
15.2645
16.2061
15.9265
15.9118
14.3222
7.67838
7.90746
9.1126
1.56371
1.24238
8.32008
9.95557
10.282
13.159
12.1482
13.0264
8.65174
8.20696
13.3122
16.2268
17.2895
17.8023
18.4097
16.8001
15.7564
15.9848
15.2664
14.962
12.9099
7.46115
7.78229
8.85986
7.34924
7.32376
7.92974
8.61568
10.1777
12.7154
11.3555
11.726
9.72767
8.7538
14.163
17.8958
18.0982
17.7453
18.0694
16.8877
15.494
16.1778
16.1877
15.6682
12.5418
7.31026
7.20862
9.29852
5.46889
5.31199
8.06993
9.38501
10.0133
12.4497
11.6439
11.847
8.8346
7.60792
13.6589
17.3527
18.6395
18.3268
18.1477
17.0211
15.2426
15.5838
15.7787
15.4056
12.9985
7.02816
7.41857
9.1277
7.44863
7.37234
8.44275
10.3697
8.97502
12.1392
12.4691
13.3032
9.45221
8.85574
13.3152
17.5382
17.9302
18.0551
17.3298
16.5325
15.7891
15.9677
15.7785
15.5213
13.5441
7.60499
7.38428
9.10519
4.85194
4.60974
8.34074
10.2493
9.26737
11.7624
11.3844
12.4893
10.1767
7.69941
14.0941
16.5789
18.2308
18.2944
18.2013
17.3849
14.8562
14.9042
16.1075
15.9002
14.1914
7.39175
7.30842
8.35096
5.44694
5.25854
6.85973
9.13497
9.19314
11.8582
11.8063
12.9902
10.0318
8.40899
13.7384
16.3215
17.6724
18.0286
17.9054
16.6821
14.7084
14.9294
15.3413
15.5482
13.6403
7.56254
7.74423
8.57307
4.72558
4.77814
5.26047
7.97344
8.37305
11.7428
12.9537
13.9251
10.1904
8.80081
14.2048
17.1395
17.4379
17.1703
18.4927
16.9895
14.9687
15.5299
15.753
15.5093
13.3839
8.18844
8.1066
9.10234
3.59373
3.5028
4.11329
5.4738
9.25879
10.9519
13.0637
13.9772
9.30406
9.00416
14.4752
18.2164
18.0957
17.3477
18.1701
17.1123
14.4
15.6142
16.206
15.6587
13.3069
7.63334
7.51098
9.73245
5.18454
5.60649
6.45523
8.00748
9.13628
10.9647
12.0124
13.1107
8.89718
9.77473
13.9702
17.9219
18.349
17.3689
17.5295
15.829
14.5989
15.2744
15.664
16.2879
14.553
8.24666
8.1991
9.60658
2.55331
2.44531
5.47677
6.84033
6.67255
8.88897
10.0139
11.2961
8.13513
6.99738
14.1689
18.4355
18.5564
18.1817
16.9807
16.6192
14.262
14.8161
15.9063
15.5708
12.7797
6.69032
6.78695
9.65128
6.55878
6.50629
6.99228
7.81104
8.42776
9.99676
8.69152
9.65314
8.85454
8.76867
11.5975
16.3434
17.3646
17.2314
16.6963
15.9505
14.3981
13.9482
14.9896
14.7586
12.2907
6.94873
6.85755
8.12761
3.91391
4.05432
6.06385
7.73955
7.61025
8.74026
7.59349
6.65989
6.57906
7.67987
10.7183
16.2596
17.1066
16.7742
16.8668
15.8637
14.0676
13.9846
14.1564
14.7546
12.2669
5.64911
6.24808
7.65897
1.61881
2.34646
5.68771
7.05968
6.59181
6.86564
4.93549
4.91969
5.15266
6.13393
9.8918
17.0603
16.8124
16.5944
16.6605
15.8724
14.7014
15.0208
15.2599
14.7909
12.3419
6.39807
6.51897
8.42555
5.50003
5.3007
5.80204
5.77759
5.35238
6.32303
6.71794
7.12939
6.28912
7.65326
9.78344
16.6589
17.2489
16.3794
16.596
15.6123
15.1751
16.5122
16.4679
15.1186
12.9217
7.02432
6.90197
8.3774
-0.0056455
0.128961
1.87268
4.4393
4.13835
5.27873
3.70235
4.30018
3.4495
4.5771
10.0295
16.3997
16.3932
16.0157
16.6711
15.5715
14.7163
16.83
16.4894
15.1466
12.8486
6.81234
6.13185
7.78014
2.69947
3.50654
4.88648
5.74602
6.73182
7.79985
6.84914
6.99844
6.4704
7.58915
10.3883
14.293
15.5383
16.4091
17.1023
14.9338
14.2767
15.5713
15.0866
13.5878
11.0166
6.25111
6.56258
6.93454
0.93575
0.954652
3.751
6.12828
8.2767
9.89674
6.85794
7.35072
4.53936
4.30357
9.73322
13.8571
15.025
15.4734
17.3515
15.4712
13.8448
15.0169
14.445
14.2044
12.082
5.66716
5.84112
6.19974
2.31431
2.54966
4.07145
6.92204
9.13951
11.2387
8.97165
7.79187
5.80458
6.03298
9.05298
13.3782
16.0278
15.7349
16.7025
15.9144
13.5412
14.5628
14.4076
14.0671
11.4805
6.29405
6.2566
6.86437
-1.42225
0.402921
5.35786
7.58782
9.23918
11.0529
8.13762
9.37452
6.76085
5.16914
7.94019
13.5203
15.7776
16.2615
16.4689
15.6676
13.6944
14.5016
14.7862
13.7529
11.0798
5.51178
6.15639
6.83177
-0.176329
0.575071
6.03992
7.71182
8.68712
11.5368
10.3964
10.4696
7.59016
5.57612
8.85555
14.4793
16.0447
15.9518
15.8593
15.1914
13.9039
13.5716
14.9071
14.2926
11.6135
6.64666
6.10611
7.11328
1.6351
2.05258
5.23114
6.43606
9.62098
12.0778
9.51261
9.83674
6.17388
5.37409
8.21453
13.5182
14.9085
15.0215
15.7521
15.3373
13.9891
14.758
14.722
14.1286
11.1038
6.02684
5.26363
6.90916
2.7865
2.8086
4.68193
7.23987
11.3327
13.648
11.3916
10.3026
5.95075
6.36187
9.47255
15.0364
15.7696
15.1216
14.9601
14.9537
14.4067
13.9203
14.3875
13.5427
10.9569
5.48091
5.38378
8.40651
2.83599
3.22865
4.17094
6.05198
11.5682
13.8996
11.4595
10.2393
5.6497
4.82439
8.63194
14.6992
16.2382
15.8341
15.1552
14.953
14.75
14.0471
13.6019
13.3789
11.0299
4.96148
5.4395
8.58479
1.6974
3.2984
4.68067
6.6218
11.7081
13.7566
10.6939
8.48048
5.48092
4.26036
7.32072
13.8156
15.7407
15.4595
15.4834
15.0272
13.52
12.2008
11.9648
12.2143
10.0325
5.22405
5.70308
8.42433
3.8226
3.53435
4.58136
4.78316
11.1076
13.0559
10.0963
9.72674
6.37315
3.86259
7.6603
12.9333
14.8254
15.1469
15.8108
14.9846
13.3859
11.9141
12.3404
13.4251
11.6233
4.58921
5.02762
7.74034
0.756909
2.02704
3.81163
6.55295
9.81046
11.1017
9.90244
10.4335
7.16064
5.90059
9.98347
13.9294
15.4178
15.5527
15.7178
15.5867
13.5764
12.4063
12.6989
13.7296
11.7321
5.95099
6.02037
6.84007
1.40172
1.09742
5.96611
7.6207
9.62589
10.9493
9.83408
10.2487
7.14144
5.14367
11.4306
15.046
15.9133
15.7364
15.3214
14.5772
14.2004
13.2021
13.6772
13.9554
11.7942
4.90749
4.88026
6.92832
3.27352
1.81911
6.60579
8.7087
10.3389
11.9883
10.7867
11.3997
6.49561
6.02039
12.8811
16.1383
15.6276
14.4653
14.4338
14.8254
14.8815
14.5787
14.7443
14.4224
12.0248
6.77015
5.56453
7.79527
-2.0276
-0.23669
7.62207
9.70699
10.2872
11.6072
9.82731
10.2462
5.49932
5.16156
12.4707
15.5307
14.6925
14.6357
15.3595
15.2206
14.5942
14.0744
14.7107
13.5666
11.057
5.07349
4.7467
7.11004
4.34363
4.34052
8.50105
10.4073
10.572
11.3776
9.55463
9.83825
6.79029
4.37653
12.0232
15.2052
15.6858
15.1632
15.5462
15.6784
15.4477
14.9412
15.7397
15.2226
11.477
7.1373
5.44166
7.03452
0.849113
2.47892
8.25408
10.1606
9.59109
10.2156
11.9151
11.9662
6.32754
4.41552
10.6876
14.805
14.7039
14.1382
15.126
14.9105
14.3619
14.2515
14.4911
13.4627
9.22817
5.66822
4.51774
7.13898
3.81433
3.38798
7.69698
9.46026
8.96942
9.47428
11.2006
10.6109
6.96734
5.02515
9.33225
14.3844
15.7933
15.3861
14.1945
14.141
14.5097
14.4436
14.0169
12.8995
10.0884
4.73255
4.88662
6.7684
0.123264
2.07537
6.26628
8.01891
7.72259
8.24189
8.58187
8.14033
4.56185
4.66308
5.83516
13.7247
14.9874
14.1091
15.2757
14.2418
13.6835
13.6475
12.5751
12.1933
10.8946
4.12097
4.65996
5.93971
2.98235
2.52585
5.65785
5.93139
7.67819
9.21115
9.22065
9.22683
5.60495
5.36532
6.65413
11.6642
14.9443
14.6634
14.9369
14.117
12.7443
13.587
12.1941
12.5363
10.8814
3.54404
4.52401
5.50143
-0.176754
1.08267
7.37102
9.18928
8.62756
9.49466
10.1922
9.82483
4.8947
4.55509
4.73337
11.1835
14.2186
14.9975
15.1681
13.9636
12.2241
12.2107
11.6587
12.8688
11.2367
3.83083
4.48232
5.81893
0.849843
1.65451
8.23495
9.8588
9.58346
11.2118
9.67485
9.84946
5.65303
5.66069
5.82334
11.8205
13.7166
13.7511
13.9728
13.6774
11.7494
11.8434
10.8074
11.9676
10.476
2.83382
4.00682
6.45784
0.264687
1.65652
7.69898
9.83222
7.98196
10.4831
10.1419
9.47778
4.97808
4.03584
3.72477
10.5146
13.5964
12.9321
14.385
14.1317
11.402
10.746
9.70398
10.0263
8.24547
2.70077
4.14561
6.09659
2.81231
2.41124
7.3465
9.50017
9.58926
11.4437
10.1571
9.7246
4.97046
4.64338
4.93553
9.77082
12.0495
12.8515
14.2697
13.8697
11.2718
9.89902
7.98907
7.67818
6.31817
2.90304
3.9618
6.39622
2.43045
2.12467
6.48419
8.88945
9.94631
11.8759
10.0463
9.72828
5.04868
2.78196
3.69287
9.79493
13.2571
14.0482
14.9288
13.9501
10.1849
8.6091
8.95334
8.92568
6.31313
2.78821
4.34633
6.68848
0.264084
0.779689
5.78422
8.34313
7.78042
10.6017
9.12421
7.97481
4.47426
4.73777
5.5119
10.3013
13.8851
14.0771
14.0399
13.4061
10.1681
8.44256
10.9429
11.4341
9.34582
3.59351
3.99878
5.73597
1.49983
1.38687
6.03266
8.28685
8.61572
10.5236
8.62396
8.41541
3.63196
3.65453
6.69293
12.1548
13.9553
14.0253
13.4505
12.9013
9.93188
8.87427
12.989
13.5988
11.1542
4.87003
4.07365
5.72469
1.17439
1.34112
5.16555
7.37753
8.06181
9.64043
7.74798
7.97945
4.57658
4.65191
6.13225
12.1115
12.7277
12.6176
14.4489
13.6046
10.6236
9.38798
12.3861
12.4368
9.63537
4.02883
3.96018
4.87038
1.47349
1.72074
4.34658
7.08086
6.9506
9.0245
9.15792
8.62172
3.6672
3.63026
6.98729
12.3162
12.6479
12.3683
14.0676
12.9851
11.0315
9.79231
11.8874
12.192
9.97699
3.75638
3.53921
5.03804
0.384516
0.272574
5.71722
7.71667
6.9427
7.57038
8.2068
8.55155
3.17849
1.99996
7.00844
12.8702
13.1901
11.9804
13.9917
13.2207
11.3517
10.521
9.56074
10.9772
9.24989
2.58424
3.31608
5.02029
3.06162
3.60519
5.20628
7.59688
7.11114
7.2636
7.2446
7.16156
6.1094
6.24155
6.82179
11.763
13.0117
11.3609
11.7697
11.0248
10.2954
9.65945
7.69623
10.1915
9.13572
5.90189
5.27632
5.37621
1.53057
2.40793
3.25786
3.44832
3.44753
3.42051
2.53893
3.84503
3.84096
4.45661
4.76048
6.89775
8.03037
6.36787
5.79483
5.70789
5.21536
5.66684
5.35688
6.26282
5.71996
4.07135
3.35767
3.05574
