30.2996
48.8189
123.848
576.606
2162.42
8356.85
48389.6
42564.7
13203.1
522.139
602.983
18090.4
194699
176886
419475
377219
2.39659e+06
1.0859e+07
4.87294e+06
770503
45246.8
402.559
150.162
388.612
6.09309
5.18978
258.7
4303.79
4846.22
9085.12
126791
60729.4
5425.95
1223.75
498.04
15031.4
183358
613325
665316
765936
2.34554e+06
1.1211e+07
3.80344e+06
762210
46130.2
233.569
153.574
643.619
3.49106
65.687
246.876
4351.16
3751.21
25716.8
21257.9
6305.85
7190.48
422.405
196.325
5011.1
188373
269429
823932
538517
1.72753e+06
2.88504e+06
1.39954e+06
289818
40839.6
87.9558
54.9587
262.51
5.65682
43.8582
493.204
6047.62
6631.1
27331.4
16002.1
8914.29
3387.47
412.118
44.5232
6394.17
233246
1.39437e+06
949634
525686
4.34526e+06
5.45651e+06
1.65806e+06
324410
29941.8
316.857
216.18
433.615
6.43765
71.3248
737.258
3011.54
32306.5
109066
71374.4
38194.4
9631.04
30.2962
31.2038
50087.2
423733
507490
490813
468382
3.84332e+06
6.92851e+06
2.31326e+06
502016
35506.9
176.899
45.468
848.744
26.2832
2.60753
375.465
3635.18
36617.5
187644
447310
185650
3817.65
96.6191
29.8967
32251
221988
1.16802e+06
1.5862e+06
517680
795873
1.95273e+06
1.10467e+06
343045
27490.7
308.742
195.913
2516.35
2.25576
132.862
364.368
1117.32
39925.9
187997
120556
60542.5
947.954
149.93
161.728
24923.4
256274
978827
987679
806263
215779
1.79366e+06
819973
189315
25137.6
84.6321
76.3299
1308.87
14.1583
69.0314
412.592
4386.45
20806.9
141194
76895.9
42209.6
9464.3
114.32
46.5874
665.031
63424
1.98099e+06
3.39325e+06
1.76622e+06
672374
1.85288e+06
626920
237081
43445.1
54.3953
114.154
1014.69
73.3334
135.922
218.348
1902.79
6712.53
38996.3
26937.2
17440.2
4426.39
359.766
167.363
1587.54
40604.4
458698
1.23405e+06
1.26379e+06
341722
1.48949e+06
997653
207698
5794.17
152.115
118.079
416.758
21.0004
81.497
892.097
2107.52
25815.9
125287
180294
120557
6446.98
721.018
16.9925
1928.88
38418.4
267018
1.81381e+06
1.19678e+06
288508
1.427e+06
612660
195374
9377.46
101.456
93.726
1312.21
9.16474
60.128
973.596
10713.3
14666.3
18033.4
375168
145495
2904.42
566.479
402.252
1378.32
19482.1
277264
724758
332651
214828
1.13805e+06
630200
116810
7428.9
97.951
78.0952
1596.43
46.1815
20.0298
772.911
10396.9
16440.4
135271
298651
115732
6870.54
370.062
86.9666
988.97
36525.5
128381
427396
243527
240609
2.27401e+06
1.06161e+06
144333
8790.43
68.7318
44.8544
1673.57
2.9247
180.579
502.591
10956.3
25883.5
63465.3
287119
133119
1542.95
133.814
9.11732
1981.33
104837
232486
487420
203734
226349
2.5601e+06
979764
142837
16613.3
80.3195
66.5174
1502.18
6.78678
9.73625
739.67
1043.61
59303.8
760740
405405
71669.7
4685.21
35.2712
5.12843
9870.18
104538
597739
686422
466458
187184
1.20266e+06
516765
110040
3284.05
47.7192
52.5158
4387.19
1.62037
17.3956
995.131
8338.92
62322.8
259351
51064.9
32443.7
3430.13
75.2118
96.1758
4017.3
121589
432489
762167
267599
142165
721066
478369
108858
1888.25
88.9479
49.1514
1389.15
2.53002
4.64778
440.533
4643.31
83210.1
437974
329802
63185.8
3300.62
233.396
120.81
5587.28
85586.3
529210
462904
193490
118193
227785
397837
116676
4027.52
43.0788
31.7298
2995.98
24.9308
24.4552
117.368
3881.59
82310.6
298861
65241.2
31651.6
17637.3
507.934
82.0771
7603.83
92050.4
495700
476601
252769
119892
288086
334819
83806.2
3139
29.8731
29.0598
1591.66
15.1224
278.377
504.459
3086.95
58562.3
229573
1.37823e+06
551949
17215.2
421.519
128.542
664.884
19791.4
351433
1.62192e+06
564140
51406.9
124538
405286
295746
25124.3
89.2884
71.0992
5896.51
6.47599
17.4848
320.64
7064.26
11920.2
24304.3
2.76771e+06
995429
48223.1
1283.15
217.863
317.879
2605.34
129856
1.99145e+06
542636
122517
209648
368356
186769
7488.9
59.4367
37.3354
10042.4
61.188
22.7891
467.59
14567.9
19997.3
109855
1.02047e+06
267084
15719.4
2650.07
86.5066
3551.41
15897.4
163449
380147
598201
133780
99567.8
288964
267024
11773.5
68.2087
73.6771
4059.7
23.8289
75.1801
321.064
6006.29
7805.77
16159.9
203167
48763.2
15935.3
3173.51
525.279
10472
75523
177778
422634
203023
70647.7
74288.2
172884
136346
12411.2
31.799
31.659
816.262
15.2879
91.6347
431.6
1854.82
14385.7
97210.1
221096
76970
4893.46
367.002
3504.52
136674
254577
1.51672e+06
412523
214564
68687.8
81888.3
96655.3
342407
58581.1
24.3001
51.7529
1285.46
32.7249
29.2849
221.141
1485.43
7056.42
76209.4
448913
130346
16579.2
387.208
25162.7
436671
1.05735e+06
1.63676e+06
366215
168749
47928.7
72801.8
124666
276185
57416.1
27.3644
33.2767
2042.04
19.9705
36.2117
251.391
4880.04
21972
214000
202261
66808.7
3853.68
173.33
54467.8
689310
453815
595758
286037
73987.7
38920.5
45853.4
71480.3
153536
22071.4
34.8498
34.2637
1752.01
12.997
163.167
791.167
10882.8
16162.4
119141
874587
115886
6282.72
1469.23
3729.84
252423
465750
1.45008e+06
248687
52011.9
36210.8
8005.47
143549
233131
24673.9
42.3519
66.3664
3615.05
58.1932
211.019
163.168
3189.15
45350.1
183605
1.6667e+06
863122
14754.5
5315.06
2187.11
93076.4
320133
1.99726e+06
660530
153616
30045
9843.01
163324
225640
21847.9
38.2388
74.8363
6935.82
64.0081
71.5644
1381.49
5247.52
59574.8
505000
1.14192e+06
404824
51245.3
6699.55
17236.1
999204
1.10111e+06
3.24727e+06
708381
333843
51437.6
31203
141082
315190
71911.3
59.8802
105.851
6423.67
34.4613
84.8235
621.832
7251.41
70935.2
417710
207804
176966
175267
35572.3
16379.1
5.78897e+06
2.15521e+06
2.43134e+06
523500
140455
110622
164514
240384
341365
69099.7
130.646
162.051
3507.12
37.7606
212.92
179.514
850.099
42090.3
303435
191942
86091.7
993953
320575
100535
6.85671e+06
2.11465e+06
3.96209e+06
1.11924e+06
117743
212027
330840
432621
472721
81881.6
90.8862
142.144
3076.72
64.2132
10.9974
1234.73
2555.02
19289.2
54664.4
420130
144502
472935
271499
151866
4.55848e+06
1.65534e+06
6.7857e+06
742172
255652
571107
826674
860846
619973
120176
733.242
728.428
3076.79
34.5657
14.5278
2669.41
5949.79
10980.9
30586.6
318415
72112.4
537975
258273
1.01127e+06
2.96248e+07
8.96867e+06
1.15224e+06
654027
608592
1.28099e+06
2.17865e+06
1.99212e+06
1.44661e+06
120486
295.154
132.954
4682.48
90.8063
117.293
803.345
1454.46
32518
294040
552589
177968
453831
199559
126784
2.4787e+07
9.30545e+06
3.13861e+06
1.29246e+06
536826
786618
2.0873e+06
2.98397e+06
4.28151e+06
718387
1268.51
680.339
7115.88
3.81575
18.4057
730.62
2726.31
15677.7
116664
374518
155660
389090
295141
303795
2.03708e+07
6.3598e+06
9.37119e+06
1.42149e+06
671436
1.78886e+06
5.25651e+06
1.9788e+06
3.35817e+06
735514
307.039
181.246
4357.4
34.8412
49.6173
2036.86
1380.75
37062.7
293591
1.65505e+06
792721
268160
316842
2.25482e+06
1.59999e+07
2.37052e+06
1.17409e+07
2.27814e+06
980512
1.87148e+06
7.60733e+06
3.63495e+06
5.37746e+06
1.00318e+06
1353.62
1010.34
8959.64
11.1251
67.7115
795.065
2145.19
41655.6
461282
2.38098e+06
748620
560369
1.39681e+06
3.63359e+06
3.198e+07
4.24145e+06
1.24683e+07
3.89687e+06
1.54446e+06
3.08881e+06
1.46247e+07
9.24224e+06
9.38981e+06
1.95831e+06
736.021
268.776
12572
35.488
19.4808
328.62
5637.81
37231.5
164507
564990
385180
1.31922e+06
1.26214e+06
1.75661e+06
1.64469e+07
8.19049e+06
2.18277e+07
2.36724e+06
611641
1.61489e+06
6.64011e+06
3.54739e+06
5.6453e+06
1.03046e+06
2244.74
1922.26
7158.62
26.4736
13.6793
864.148
5793.66
13137.8
94089.9
218333
129908
370989
475638
298318
1.61334e+07
7.95862e+06
7.82004e+06
1.31567e+06
474383
2.59626e+06
6.97686e+06
3.66885e+06
4.41666e+06
1.23524e+06
493.005
301.432
4069.12
48.9743
69.6959
220.42
931.676
17786
79867.2
582103
459285
228338
690404
1.43565e+06
9.05493e+06
4.84449e+06
1.05563e+07
1.4139e+06
367823
2.05056e+06
7.74546e+06
5.61692e+06
2.55854e+06
207196
1393.78
1029.02
4710.38
17.9071
2.02104
35.0439
729.608
2496.51
225122
1.26724e+06
376464
178232
673478
2.67755e+06
9.27687e+06
3.74671e+06
5.52118e+06
702201
226518
3.11362e+06
1.09481e+07
1.05649e+07
2.82054e+06
137547
748.867
168.418
6151.74
22.7216
24.4365
259.642
1013.42
8043.51
41536.8
619814
637057
527991
2.42675e+06
949930
6.65823e+06
1.94292e+06
4.66315e+06
754359
238964
2.14097e+06
1.86754e+07
1.05841e+07
2.17793e+06
37902.4
984.422
241.133
4530.57
3.25338
26.8635
833.265
2411.02
6681.57
31599.5
408529
263055
252902
3.99303e+06
1.76531e+06
5.2335e+06
6.94216e+06
6.26432e+06
2.20453e+06
741335
2.34834e+06
1.5122e+07
1.63641e+07
2.98067e+06
60896.2
718.873
269.417
4815.06
114.182
100.077
1719.55
3033.39
70370.4
235326
946847
696800
348754
6.64034e+06
4.70708e+06
1.53245e+07
5.39701e+06
8.90605e+06
6.60192e+06
1.11484e+06
3.98544e+06
2.24153e+07
1.32434e+07
3.2007e+06
170140
1319.71
325.638
9299.16
42.9101
14.8194
1594.2
10553.2
61960.5
487115
395770
262022
893911
4.2262e+06
1.11232e+07
1.50143e+07
9.28433e+06
1.29188e+07
2.97299e+06
1.53077e+06
4.71997e+06
1.33342e+07
2.37924e+07
3.57443e+06
268136
687.626
415.695
8382.92
13.841
141.103
270.769
1462.91
59179.2
185767
138747
195178
351287
6.499e+06
1.07988e+07
7.70099e+06
1.01997e+07
5.01932e+06
1.88643e+06
1.65126e+06
2.85386e+06
1.47663e+07
1.28797e+07
3.32936e+06
753064
575.004
325.651
7150.14
374.166
357.892
820.053
9555.03
365961
1.87112e+06
291994
254329
432416
4.91933e+06
8.13052e+06
2.00751e+07
2.81775e+07
2.29956e+07
3.08935e+06
1.67343e+06
1.50406e+06
1.22718e+07
1.39332e+07
7.34497e+06
1.17954e+06
540.759
294.497
15086
450.037
996.811
955.278
2270.34
261597
1.31339e+06
314799
200164
1.27683e+06
6.6823e+06
1.24157e+07
3.58556e+07
4.47221e+07
3.47506e+07
4.0026e+06
2.33532e+06
1.33871e+06
4.23961e+06
1.43064e+07
7.04358e+06
826605
6520.61
4237.17
20926.7
184.293
138.888
1189.64
6710.58
655463
4.36392e+06
908191
122449
187798
1.10347e+07
5.25201e+07
2.36641e+07
1.41258e+07
2.91711e+07
4.24362e+06
1.14502e+06
2.18775e+06
6.51993e+06
2.58987e+07
2.61212e+07
1.2084e+06
8693.27
564.252
32892.7
406.24
843.336
2818.59
16477.5
256278
849621
830938
365119
165004
7.07409e+06
1.50285e+07
1.40252e+07
1.56015e+07
2.14727e+07
4.24954e+06
1.53593e+06
1.44146e+06
3.23812e+06
6.20979e+06
8.13159e+06
1.28079e+06
5523.74
4128.61
16613.5
3.1117
31.3125
3345.28
8296.75
227685
1.6531e+06
658288
410988
419519
3.35566e+06
1.08819e+07
1.42291e+07
9.56051e+06
2.63713e+07
3.97856e+06
3.36354e+06
2.56649e+06
2.60611e+06
2.2198e+06
3.27468e+06
535468
418.578
517.199
13005.6
67.2163
493.112
2921.56
65260.6
532937
1.89134e+06
1.07191e+06
803384
312927
3.60619e+06
1.11932e+07
2.79765e+07
1.54621e+07
3.49741e+07
1.40433e+07
5.07527e+06
2.18653e+06
2.8532e+06
3.54569e+06
4.76953e+06
409083
863.36
723.644
19187.1
38.9596
546.657
7092.54
38230.7
203885
3.40075e+06
1.53692e+06
424271
818492
9.72269e+06
1.37544e+07
2.06778e+07
3.22294e+07
3.67712e+07
5.27537e+06
3.43782e+06
4.33815e+06
8.44666e+06
8.84745e+06
1.22284e+07
1.81641e+06
1180.87
686.783
26758.3
127.879
524.696
2277.35
5763.84
416229
1.3372e+06
679876
329457
169013
2.52392e+06
3.6694e+07
3.56417e+07
3.01061e+07
3.92108e+07
9.71423e+06
3.65564e+06
8.37154e+06
7.03542e+06
7.74066e+06
1.90848e+07
4.94889e+06
1353.48
660.422
14841.8
36.1915
92.2799
125.282
8794.76
214917
2.18523e+06
608934
172685
53855
444205
7.21355e+06
1.7575e+07
1.3726e+07
3.13036e+07
1.41942e+07
3.19241e+06
5.77995e+06
5.3161e+06
2.71318e+06
3.94331e+06
620637
1265.35
1021.73
13541.9
512.599
272.907
2018.72
46389.1
180494
727278
515815
218198
44623.3
2.51403e+06
2.70746e+07
2.94057e+07
9.55573e+06
2.17978e+07
8.67062e+06
2.95213e+06
3.70872e+06
1.56268e+06
2.45167e+06
7.83634e+06
1.76406e+06
545.709
588.608
8539.3
13.1464
392.755
879.396
55357.1
272331
4.58312e+06
3.12096e+06
829774
265859
328649
1.23402e+07
2.70722e+07
2.1573e+07
4.0622e+07
1.73955e+07
5.75555e+06
5.32563e+06
933589
2.99212e+06
5.90062e+06
1.04406e+06
1050.48
980.436
31204.9
125.966
428.238
17194.9
54821.9
817893
4.15933e+06
982300
384671
384966
1.38202e+06
1.10041e+07
4.06757e+07
2.28371e+07
4.18745e+07
2.40441e+07
5.4334e+06
1.49243e+06
685520
3.69988e+06
4.38747e+06
684926
1420.39
1290.76
26101.6
406.212
516.745
1815.82
44320
483329
4.89215e+06
1.87761e+06
1.42372e+06
207228
600154
6.78739e+06
2.75765e+07
3.00739e+07
4.67704e+07
8.01399e+07
9.88829e+06
2.56244e+06
1.44589e+06
1.17096e+07
1.18948e+07
1.36769e+06
1972.09
1058.54
30209.7
282.075
242.741
706.124
11194.5
581992
3.27993e+06
1.50549e+06
884342
282401
430773
1.38958e+07
2.14712e+07
5.29522e+07
6.71227e+07
6.21189e+07
9.10601e+06
2.00166e+06
2.08076e+06
1.03475e+07
8.99921e+06
1.01523e+06
1479.32
1874.54
22467.5
168.012
356.333
835.49
25960.5
256039
1.25526e+06
469775
160770
144828
139395
1.14366e+07
5.45378e+07
3.01238e+07
2.84323e+07
1.45559e+07
6.87519e+06
6.75486e+06
1.70742e+06
6.55403e+06
1.03446e+07
1.66313e+06
1100.73
1157.51
12289.6
137.502
20.1165
671.913
7690.36
62317.3
1.03314e+06
2.16024e+06
569448
49752.5
207095
9.17165e+06
5.81244e+07
3.40958e+07
4.91705e+07
1.83576e+07
8.01158e+06
1.13659e+07
3.65732e+06
1.39678e+07
2.02958e+07
1.70695e+06
3943.25
1160.26
16185.6
588.838
909.642
2470.39
8562.33
408574
4.16044e+06
4.60448e+06
677224
46991.4
524219
1.58679e+07
3.55949e+07
3.45078e+07
1.01163e+08
7.35099e+07
7.76771e+06
7.04548e+06
4.32335e+06
1.08966e+07
7.76676e+06
1.19527e+06
5425.26
6453.63
41951.9
16.7844
429.195
1970.38
32300.6
313900
1.16806e+06
4.97212e+06
1.42808e+06
39886.6
351414
7.16482e+07
1.22441e+08
2.86056e+07
5.71299e+07
6.44183e+07
6.05983e+06
4.87279e+06
5.03932e+06
1.34841e+07
1.51094e+07
1.43332e+06
2648.33
2339.19
27155.2
1465.71
519.097
2012.81
21857.8
63763.5
586391
3.96857e+06
669141
38649.3
1.2569e+06
2.37099e+07
1.19853e+08
6.81099e+07
6.70072e+07
8.69767e+07
6.44214e+06
1.34706e+07
6.61936e+06
2.86951e+07
3.2369e+07
4.39993e+06
9114.42
5661.49
27518.3
59.9972
141.86
988.171
53827.4
151521
940406
4.3228e+06
1.41235e+06
115381
1.79122e+06
2.54997e+07
1.34178e+08
1.13704e+08
9.40656e+07
7.00805e+07
8.03805e+06
1.52191e+07
7.81803e+06
3.23442e+07
3.74747e+07
5.98896e+06
2369.43
1613.32
28939.9
50.8265
77.4888
1783.84
19479.2
67053.6
323537
1.63979e+06
676323
52484
926816
1.17613e+07
4.10828e+07
9.48198e+07
8.93007e+07
8.92526e+07
9.58689e+06
1.02563e+07
4.69788e+06
9.96048e+06
2.2495e+07
6.91267e+06
6423.52
5807.01
16728.8
2079.1
1224.34
5714.45
26585.1
189250
2.65894e+06
1.22866e+06
245019
186049
1.30894e+06
1.4893e+07
7.14962e+07
9.09888e+07
2.08557e+08
1.70509e+08
1.08526e+07
8.09312e+06
6.69566e+06
1.21587e+07
1.26254e+07
1.79541e+06
3538.04
6360.58
26320.2
491.38
1177.39
4799.29
40438.8
306030
2.51669e+06
466597
49756.3
90185.2
484051
3.13971e+07
1.57296e+08
7.75115e+07
2.26764e+08
1.30494e+08
9.44345e+06
9.35416e+06
1.25209e+07
2.18723e+07
8.19789e+06
785884
12513.5
13981.9
35438.5
2464.73
2170.91
11354.6
41476.6
222586
829506
255659
148261
49767.3
132083
1.61356e+07
1.21046e+08
1.16126e+08
2.46204e+08
7.16494e+07
7.85587e+06
1.33405e+07
6.78423e+06
1.79875e+07
2.86072e+07
4.00961e+06
8717.64
9199.89
22137.9
869.237
875.792
4277.3
33902.8
127697
1.14462e+06
1.32125e+06
466174
112104
312082
1.4004e+07
6.30906e+07
2.73664e+07
1.90522e+08
7.19463e+07
8.05017e+06
1.18386e+07
1.10943e+07
1.20551e+07
1.90787e+07
3.51291e+06
7619.65
9887.49
25168.6
881.256
1067.16
5551.71
49013
123257
463632
2.16979e+06
633835
82457.9
324240
1.03975e+07
9.56559e+07
4.85539e+07
1.11938e+08
9.07272e+07
6.99397e+06
9.7323e+06
9.40645e+06
2.48184e+07
2.44432e+07
3.18101e+06
9274.62
9291.83
26308.3
439.567
241.941
3610.98
109683
109055
774306
916465
185331
55601.4
365598
5.41964e+07
4.4444e+08
8.17257e+07
1.66528e+08
5.01149e+07
7.62781e+06
1.89905e+07
1.23195e+07
3.61372e+07
3.73863e+07
2.57141e+06
7056.81
3631.69
30732.4
309.224
425.187
3158.86
109589
215884
1.34987e+06
579976
256792
101034
554062
1.04415e+07
5.07685e+07
1.56497e+08
1.55623e+08
7.57449e+07
1.78792e+07
1.44049e+07
2.15586e+07
1.46073e+07
8.08704e+06
744814
6252.63
7142.51
20685.2
458.234
582.495
5846.9
98183.3
174140
801302
649606
208912
27695.6
446929
6.82618e+07
1.40186e+08
1.36007e+08
1.6584e+08
4.76407e+07
6.7864e+06
1.86883e+07
1.89752e+07
1.87905e+07
1.87446e+07
2.70377e+06
5087.37
4755.18
19014.4
1147.39
941.546
6984.23
74589.5
126304
1.42339e+06
2.38716e+06
525988
16607.8
312031
4.11532e+07
1.09077e+08
1.43618e+08
2.32761e+08
5.98332e+07
8.71822e+06
2.19966e+07
1.59742e+07
3.55891e+07
3.22306e+07
6.70872e+06
4539.2
4021.41
23237.6
338.91
290.286
4608.34
70184.5
102888
999756
1.14323e+06
238722
7856.24
310666
8.49558e+07
3.64346e+08
7.6403e+07
2.08653e+08
6.12746e+07
1.57985e+07
1.58073e+07
1.3349e+07
2.2261e+07
4.164e+07
8.04674e+06
5108.2
6835.19
27973.2
259.601
505.187
3534.96
73864.2
184419
605028
479807
171176
15666.8
118433
1.48639e+07
1.21623e+08
4.73991e+07
9.85066e+07
4.29131e+07
5.75559e+06
7.58461e+06
3.33393e+06
1.01817e+07
9.48455e+06
1.38791e+06
1477.92
1762.11
13072.5
162.456
191.064
4105.3
124812
79797.9
676660
918845
266739
15040.2
11579.7
5.96026e+06
4.46827e+07
2.05311e+08
1.80812e+08
4.0575e+07
6.50628e+06
4.37672e+06
2.37097e+06
7.16359e+06
1.58976e+07
2.8011e+06
1944.53
2000.49
11709.1
3319.06
2581.85
2788.58
85803.2
50296.6
248769
769396
169445
20387.2
12214.1
4.01545e+06
2.1604e+07
1.01128e+08
1.32169e+08
7.30522e+07
8.46434e+06
7.74251e+06
2.27652e+06
4.06639e+06
8.38562e+06
1.00372e+06
761.87
2618.76
8907.88
298.976
194.556
2194.81
9794.97
23437.4
68263.1
140794
43313.9
3007.93
7486.3
1.77013e+06
1.58503e+07
8.56238e+07
1.12633e+08
5.42851e+07
5.52112e+06
5.96044e+06
4.74938e+06
6.25315e+06
4.28981e+06
665203
403.868
1876.72
5007.35
546.285
798.613
4597.15
111122
33926
56062.8
127413
35323.4
4868.2
18859
1.84603e+06
4.03185e+07
9.9323e+07
1.28545e+08
3.00185e+07
4.48985e+06
5.8042e+06
8.67109e+06
1.01806e+07
7.74991e+06
1.07516e+06
1495.64
1837.6
6359.94
781.017
700.455
13216.1
291351
79913.6
290093
680845
109338
10732.1
13333.7
708414
1.23928e+07
3.75594e+07
1.16776e+08
6.51846e+07
2.98498e+06
4.47975e+06
8.90765e+06
7.10793e+06
6.07065e+06
446860
1501.16
2384.04
8129.72
86.6398
220.741
12457.4
270888
79695
132643
1.28574e+06
455934
11063.3
11236.2
1.32666e+06
3.20425e+07
3.96613e+07
4.58244e+07
3.02454e+07
4.36489e+06
9.3012e+06
1.25288e+07
1.17337e+07
2.15214e+07
5.14844e+06
1884.64
1892.83
11961
226.487
705.754
5012.54
74526.3
22979.3
167273
1.31105e+06
278761
14990.5
11299.2
2.05963e+06
4.12768e+07
5.51485e+07
9.45492e+07
4.24188e+07
4.92237e+06
4.35483e+06
2.24604e+07
1.38666e+07
1.93013e+07
3.59143e+06
2141.78
2204.56
11181.8
59.335
76.3027
5773.9
38802
45319.3
307009
86083.8
61359.2
11168.2
15210.8
1.60128e+06
2.1532e+07
5.7958e+07
6.84456e+07
1.95275e+07
4.24083e+06
1.16853e+07
4.0706e+07
1.18386e+07
4.57984e+06
725113
2438.35
2384.06
6059.16
262.339
63.1548
4411.15
58345
25211.8
50609.2
125926
32013.1
3740.49
3487.93
2.42694e+06
2.47083e+07
2.97377e+07
4.84291e+07
2.9807e+07
8.55365e+06
1.09499e+07
4.73344e+07
2.93005e+07
8.21526e+06
552725
2805.62
1876.7
4311.32
87.4122
74.7385
1388.04
10047.3
12612.7
110059
91356.1
45613.3
7753.8
5496.14
3.94666e+06
4.0859e+07
4.1118e+07
6.59588e+07
2.67026e+07
4.2782e+06
7.3268e+06
2.42163e+07
2.77181e+07
1.58928e+07
651227
5961.53
1942.08
5738.07
109.899
9.56094
3319.23
103947
90474
273221
28673.2
19223.7
5581.2
2139.56
85780.1
5.32138e+06
4.11687e+07
5.75487e+07
1.48489e+07
9.51496e+06
8.63139e+06
2.7241e+07
2.04836e+07
4.46211e+06
211477
1405.69
1324.59
3598.85
6.65304
119.668
2687.71
145983
61993.7
84568.1
173281
44819.2
3550.85
2441.79
273390
4.29941e+06
1.80717e+07
5.70957e+07
1.46947e+07
2.98928e+06
6.44191e+06
4.4691e+07
2.15531e+07
4.68423e+06
337183
1792.02
1318.5
3313.68
1.58775
22.4974
517.515
43012.5
40786.2
56648.7
243490
55921.1
3811.45
5121.8
975552
7.92592e+06
2.72893e+07
5.58818e+07
1.75497e+07
2.70773e+06
4.91174e+06
2.71612e+07
1.85149e+07
4.49254e+06
279896
1276.28
1610.49
3937.21
4.87789
77.0563
3955.17
120044
72668.6
123616
644811
143368
3539.65
5909.57
1.1951e+07
6.73477e+07
3.29415e+07
3.02432e+07
8.68706e+06
2.65835e+06
8.12836e+06
2.95441e+07
2.2896e+07
8.46956e+06
700335
2268.89
1151.5
8059.13
213.9
99.8485
3978.86
250958
108353
175880
241322
32763.4
1659.35
14667
1.33636e+07
1.07431e+08
2.69573e+07
2.12669e+07
1.98545e+07
4.70255e+06
7.05702e+06
1.41369e+07
2.91844e+07
1.00339e+07
611991
983.097
462.941
10398.5
9.30465
17.0814
1584.98
93213.8
85543.3
160660
234120
32190.4
2947.31
14009
1.30515e+06
6.32697e+07
3.56436e+07
3.50622e+07
1.56239e+07
3.52942e+06
5.87165e+06
4.7324e+07
2.73527e+07
6.74776e+06
878650
2078.12
986.87
8477.9
692.681
570.161
4906.55
254837
112974
21779.6
111060
22290
4364.94
2945.53
1.71342e+06
2.63699e+07
1.49503e+07
1.53484e+07
2.55548e+07
3.25574e+06
1.0104e+07
2.32605e+07
1.38907e+07
7.22568e+06
832955
817.375
502.394
4527.84
59.5514
83.3191
9129.85
504169
171619
40511.4
88930.6
11304.1
1205.6
3026.88
1.6848e+06
4.67146e+07
1.99184e+07
1.21578e+07
1.3335e+07
3.7902e+06
6.0025e+06
1.50065e+07
1.15112e+07
5.63308e+06
384574
1311.38
441.609
6491.24
53.1417
53.4939
2836.78
262225
151666
127863
128340
48407
2220.29
8179.36
5.57567e+06
7.96216e+07
2.59507e+07
1.95834e+07
4.33487e+07
7.34602e+06
3.87898e+06
1.91432e+07
2.69309e+07
1.75961e+07
585866
2685.5
680.867
9260.41
114.408
218.005
1967.32
150201
86704.2
54327.3
117969
37942.3
712.953
7642.18
3.71633e+06
8.62099e+07
2.06743e+07
9.5834e+06
9.47988e+06
2.09193e+06
2.54333e+06
9.23026e+06
1.82937e+07
1.23338e+07
753888
1605.39
307.833
8677.74
220.841
109.722
3346.38
231425
100627
237354
354192
33828
1481.49
2070.63
2.49528e+06
1.7848e+07
6.38958e+06
7.83428e+06
5.38464e+06
2.35452e+06
3.13647e+06
6.62127e+06
1.1478e+07
5.03831e+06
322513
662.223
377.253
4149.24
12.0647
40.7999
3283.28
158121
103453
139845
28837.9
15646
609.873
1032.97
713618
2.37446e+06
3.53606e+06
2.93487e+06
5.185e+06
1.6735e+06
2.34127e+06
9.89214e+06
8.30965e+06
2.60437e+06
244626
780.275
170.929
1363.72
8.08435
37.7964
274.168
29862
27421.5
62444.8
40960.1
15948
654.541
326.485
101437
417856
1.87064e+06
3.72663e+06
5.64384e+06
689943
1.16372e+06
2.15046e+06
3.05994e+06
1.12463e+06
93796.8
292.286
146.38
635.72
23.7868
29.7351
1012.02
49072.1
28691.1
30368
10000.7
911.555
224.583
101.032
2061.47
346839
4.81299e+06
8.12448e+06
1.01388e+07
756029
475777
4.83589e+06
4.8218e+06
1.38806e+06
92761.5
260.681
218.978
546.726
6.63901
7.50172
1100.22
79969.4
48012.8
43396.6
10231.2
2395.59
200.586
67.0649
15465.3
1.14115e+06
2.67889e+06
2.93555e+06
6.23591e+06
881601
288748
3.63864e+06
3.85426e+06
2.03426e+06
124815
568.888
77.5677
537.465
14.8614
46.4671
289.335
45576.6
35711.3
31412.2
36631
2365.13
409.254
368.861
7480.33
1.309e+06
4.75528e+06
6.43978e+06
2.78479e+06
907402
654198
1.47478e+06
3.1923e+06
1.50014e+06
123071
376.034
219.321
738.63
11.3635
17.6058
243.152
38614.6
31187.2
55623.4
22913.5
7796.93
526.583
352.881
7049.21
5.34523e+06
1.04181e+07
8.02238e+06
1.19205e+07
1.74719e+06
658745
1.64215e+06
4.07604e+06
3.11584e+06
356057
406.189
187.839
977.661
70.9859
141.905
554.979
46837.7
25825.2
17215.7
93281.4
31277.2
742.113
315.053
36038
4.77687e+06
5.03844e+06
7.94454e+06
2.08081e+07
3.00106e+06
353143
875427
2.24031e+06
3.65737e+06
400022
405.325
407.183
1343.34
70.9915
77.5565
94.9373
20928.8
32680.2
56006.5
95247.8
18908.2
284.124
888.112
86982.7
2.83865e+06
1.13991e+07
1.59172e+07
2.33453e+07
3.26351e+06
726715
1.61019e+06
2.05948e+06
825673
54259.5
232.538
416.86
1412.7
24.4754
7.20079
289.234
29098.3
21417.5
24612.5
34214.8
11059.7
391.414
108.312
17909.1
3.007e+06
5.73906e+06
8.93018e+06
3.46781e+07
9.35651e+06
632665
1.63437e+06
2.07238e+06
894950
70264.8
493.598
770.588
1246.05
143.453
161.445
703.767
30376.9
11454.9
11847
55712.9
15869.1
304.865
979.825
11888.2
2.37626e+06
1.09978e+07
2.48832e+07
3.34646e+07
1.001e+07
1.03567e+06
2.59074e+06
1.96262e+06
830922
102695
322.422
869.205
1474.12
103.034
116.78
168.034
10367
8721.91
29233.4
33721.7
6640.85
458.517
544.695
52959.3
999093
1.14467e+07
3.47561e+07
3.21354e+07
9.57464e+06
940579
3.01989e+06
2.45705e+06
1.88066e+06
229013
412.517
1055.82
1526.64
58.8381
125.932
65.926
4091.68
14987.1
23326.9
18657.2
2669.15
934.259
262.195
37671.2
1.91709e+06
5.66629e+06
3.36182e+07
9.83837e+07
1.63151e+07
332733
3.63482e+06
3.57541e+06
3.00556e+06
686994
697.942
1414.93
1871.12
305.82
189.458
320.397
12164.3
10794.5
12212.5
28027.1
4179.21
760.27
497.569
37395.8
3.55834e+06
4.36669e+06
1.36192e+07
7.74391e+07
1.21596e+07
421737
5.03488e+06
3.41743e+06
1.24498e+06
259493
294.682
605.981
1143.26
5.66674
9.71253
146.562
8766.95
7669.21
16571.5
11524.8
2865.88
182.766
486.844
9507.25
2.93183e+06
5.33635e+06
1.90965e+07
5.06446e+07
6.68184e+06
419924
5.43179e+06
2.07623e+06
1.57108e+06
199508
946.892
1158.38
1648.28
142.18
117.102
194.913
2398.61
6096.11
16321.4
20502.9
3883.04
788.664
277.647
2424.03
1.08748e+06
1.77345e+06
8.43231e+06
6.95782e+07
8.70898e+06
536003
3.72555e+06
1.39828e+06
718323
128049
280.154
495.598
685.274
120.773
121.849
102.805
882.344
1722.13
7258.28
22479.5
2504.5
449.401
342.246
2867.1
270051
1.93739e+06
9.68363e+06
7.72689e+07
7.31396e+06
293724
5.02425e+06
1.58642e+06
1.51048e+06
248721
679.184
781.172
816.148
103.87
108.337
144.645
276.99
1728.88
12354.1
5680.35
1148.29
518.639
142.693
5737.51
1.6816e+06
6.41001e+06
1.32318e+07
3.5243e+07
2.29564e+06
515312
8.95941e+06
2.24623e+06
1.37136e+06
453402
190.066
344.734
687.576
162.955
142.576
200.083
402.835
2911.09
8565
6538.3
1452.85
988.076
624.286
21711.5
2.84969e+06
1.60776e+07
1.62204e+07
5.49512e+07
5.72488e+06
514744
1.15178e+07
5.12741e+06
1.25775e+06
231336
486.437
541.219
980.936
7.14129
25.3431
57.4269
1535.59
5942.86
14513.5
23737.8
1665
363.923
1049.79
25113.4
3.78911e+06
1.03931e+07
9.83702e+06
8.39571e+07
8.77022e+06
573834
3.55534e+06
1.39859e+06
561403
122293
194.259
387.933
725.218
87.0425
70.9536
150.993
592.28
3936.09
8204.51
14913.6
3091.98
225.031
253.817
25372.8
2.04627e+06
4.74425e+06
7.09313e+06
3.00256e+07
4.49268e+06
420504
4.89388e+06
1.84985e+06
444641
90922.9
305.472
391.544
537.141
11.6429
47.0429
185.095
366.263
9649.92
46627.1
33930.3
2656.21
490.167
1744.53
11099.3
770010
3.22542e+06
3.16374e+06
2.68426e+07
4.33853e+06
797050
4.96899e+06
1.25563e+06
906289
205306
144.982
225.639
612.534
3.43598
10.1407
169.632
3760.2
10080
20275.1
29520.3
1154.86
411.434
984.397
5744.71
321759
5.16122e+06
8.16843e+06
1.14414e+08
8.48581e+06
712402
3.81631e+06
1.25066e+06
2.49048e+06
693158
192.436
341.657
588.003
31.7105
31.184
309.818
5368.49
9496.28
50327.6
68514.9
3517.13
1176.08
1687.28
12903
812721
6.51816e+06
4.63912e+06
1.24202e+08
8.30038e+06
495154
6.71553e+06
2.13142e+06
1.49677e+06
292869
1144.29
830.724
1321.26
69.814
48.2786
190.625
2428
5542.9
61120.2
62639.1
2644.88
1188.55
783.237
119130
5.15727e+06
7.44233e+06
1.0235e+07
1.13948e+08
1.127e+07
1.3476e+06
4.20622e+06
4.43202e+06
5.90632e+06
1.82693e+06
695.877
541.911
1332.92
143.445
116.634
164.535
469.515
6092.78
75858.5
84780.9
3985.67
1721.53
6416.65
533323
1.30233e+07
7.77998e+06
1.02735e+07
5.2716e+07
7.07371e+06
1.87244e+06
4.5339e+06
3.42865e+06
8.74025e+06
2.21303e+06
1368.64
1065.47
2509.57
30.1737
36.3536
57.212
1925.43
6956.9
20700.6
29729.8
2202.86
662.78
9715.38
2.09615e+06
5.41204e+07
6.56565e+06
7.0844e+06
5.99176e+07
6.90594e+06
3.52383e+06
1.67616e+07
8.18819e+06
5.21124e+06
632543
515.063
377.979
4285.65
1052.12
1046.92
1031.07
3597.19
5583.03
24892.8
22760.9
6959.35
8384.89
15121.5
3.21909e+06
8.01941e+07
7.25455e+06
6.98534e+06
5.58134e+07
8.92501e+06
2.35762e+06
5.35408e+06
6.65431e+06
6.96088e+06
720602
791.416
598.681
5746.96
89.2541
67.0355
167.307
1455.95
4305.7
18619.4
31392.8
3687.99
1137.07
3976.85
4.41852e+06
1.24789e+08
1.08851e+07
2.73176e+06
9.24258e+07
1.50466e+07
1.81334e+06
1.46582e+07
8.82436e+06
6.07758e+06
1.09697e+06
735.315
371.535
8894.43
1106.97
1026.27
1227.08
3693.69
3709.98
16997.1
17707
5442.41
7314.34
4577.08
4.26953e+06
8.25988e+07
1.0181e+07
6.02269e+06
1.00712e+08
1.37593e+07
1.0795e+06
2.94591e+06
1.51033e+06
1.68901e+06
454932
714.506
836.445
6865.39
16.1142
29.995
52.492
3858.55
4349.83
7135.53
7225.35
262.555
915.441
1679.4
1.22179e+06
6.89508e+07
7.41571e+06
4.1694e+06
1.10262e+08
1.08199e+07
1.02633e+06
2.35602e+06
1.17624e+06
2.04619e+06
404149
239.402
206.573
5092.87
95.0749
56.0213
309.753
3696.62
4399.08
4551.29
2976.66
782.827
2051.1
2234.56
3.06392e+06
1.21345e+08
1.15032e+07
4.70987e+06
8.8874e+07
1.08658e+07
1.88903e+06
1.45359e+06
1.61727e+06
2.62368e+06
345739
1476.52
1463.43
9775.7
301.49
337.377
340.567
2270.49
3134.88
2515.23
2275.93
1713.78
2508.88
2761.04
4.12834e+06
1.01268e+08
1.05424e+07
1.09895e+07
6.642e+07
4.91874e+06
1.89292e+06
3.29376e+06
3.31086e+06
2.73222e+06
383451
161.778
368.631
7413.62
4.92812
22.7268
37.0075
1779.22
3663.01
4452.46
926.961
332.146
1028.71
1249.17
1.56098e+06
4.01606e+07
5.84357e+06
1.2378e+07
3.01532e+07
3.80639e+06
1.49652e+06
2.13088e+06
2.55648e+06
4.49459e+06
772296
1249.85
1264.63
3768.52
412.636
379.396
547.1
884.767
2070.14
1797.5
1525.22
2068.74
2270.33
1238.67
360766
1.3266e+07
6.73776e+06
1.3236e+07
4.18483e+07
7.39835e+06
3.1351e+06
6.30083e+06
1.82923e+06
9.92685e+06
1.81221e+06
293.258
411.564
1544.49
46.8442
48.1258
45.4792
611.323
2868.65
3553.1
1025.64
311.324
781.249
1011.37
203829
1.27854e+07
3.29921e+06
6.84164e+06
6.63825e+07
7.73112e+06
814666
4.47366e+06
2.85603e+06
4.19491e+06
553153
901.939
819.898
1584.99
22.4353
31.8704
146.128
4977.42
7142.53
11815.7
2706.87
324.786
1468.45
2120.16
579305
4.2264e+07
6.57879e+06
5.06147e+06
1.12211e+08
1.17437e+07
583566
4.87772e+06
4.3505e+06
4.07405e+06
382317
419.003
313.086
3395.53
7.74159
1.22004
104.174
12977.2
8753.48
5863.73
7738.05
562.212
1023.7
953.167
725573
3.45948e+07
9.25444e+06
4.25903e+06
3.60072e+07
6.1557e+06
528183
3.06952e+06
2.75123e+06
1.77304e+06
284441
1717.93
1582.79
4323.57
4.32019
18.5694
206.576
24370.5
16593.7
22589
19289.8
573.852
270.933
1958.93
677306
5.30053e+06
3.315e+06
5.18007e+06
5.10515e+07
7.33162e+06
948933
3.27842e+06
2.90487e+06
1.49113e+06
76020.8
408.157
340.214
856.462
108.257
158.535
207.166
28697.1
17084.2
27674.6
36976.7
1131.22
1165.69
819.501
461021
909623
2.00484e+06
6.83748e+06
9.52876e+07
1.06743e+07
3.72576e+06
1.54811e+07
7.95207e+06
2.05167e+06
185586
1331.72
1095.4
1305.93
160.55
100.31
253.355
25139.9
15226.6
53889
51361.5
2391.02
1161.53
927.682
87855.8
241038
4.13556e+06
7.20698e+06
4.64323e+07
7.22616e+06
3.96388e+06
1.08391e+07
6.39291e+06
1.33132e+06
125507
591.559
455.135
838.41
31.2494
46.3503
335.41
23511.5
14860.6
68716.8
83779.3
2392.71
964.526
403.828
7863.31
404091
5.85822e+06
7.30429e+06
7.23078e+07
1.01776e+07
2.65622e+06
1.01634e+07
3.39664e+06
1.94022e+06
263029
334.986
245.984
755.473
45.7018
69.6034
328.664
22562.7
14278.5
57966.5
58578.4
2803.9
2631.19
835.915
30046.5
822217
7.87912e+06
1.4463e+07
3.54297e+07
6.31859e+06
3.90936e+06
1.11212e+07
4.92594e+06
2.26282e+06
432930
569.966
513.628
1042.25
132.657
120.499
1089.65
21636.1
14235.5
84717.7
127139
30748
5591.4
2547.46
275490
1.90386e+06
3.82137e+06
5.22728e+06
4.73219e+07
9.2582e+06
4.73347e+06
1.97069e+07
9.65256e+06
3.87184e+06
434554
626.333
364.353
1265.52
3.34156
4.95337
859.345
31773.4
16648.6
90535.2
64278.9
27440.6
6547.74
13130.4
1.19535e+06
8.22044e+06
3.8641e+06
8.88199e+06
3.40782e+07
6.20366e+06
2.46589e+07
5.46047e+07
2.25586e+07
9.3124e+06
849027
1379.63
858.101
1901.62
185.504
234.573
1835.69
58773
28855.2
65115.2
41658.7
24686.6
3733.85
19402
1.15927e+06
1.78437e+07
8.82208e+06
9.60485e+06
5.46176e+07
1.66396e+07
1.34009e+07
7.82002e+07
2.72471e+07
9.19893e+06
753225
2523.08
1227.87
2793.57
191.786
170.221
1568.32
111762
36921.3
51233.7
106906
69867.3
3221.6
11452.2
683387
1.41155e+07
6.32754e+06
9.59757e+06
8.40207e+07
1.76003e+07
6.57099e+06
4.63084e+07
2.47703e+07
5.80861e+06
234113
2085.1
974.128
2558.17
461.153
448.667
4560.53
150118
49090.6
47106.4
208323
126951
4478.24
8134.34
280472
5.13319e+06
1.31556e+07
2.64302e+07
1.97405e+08
1.36262e+07
1.71056e+07
2.86051e+07
2.26029e+07
6.00987e+06
516866
2301.87
1731.74
3265.55
157.802
209.972
3656.65
172132
49366.3
13760.1
77674.5
48551.4
6194.33
2253.76
561114
2.05404e+07
1.36991e+07
3.07554e+07
1.14485e+08
1.76377e+07
1.70826e+07
2.97054e+07
9.89197e+06
6.53596e+06
1.48004e+06
4719.98
4487.55
6432.62
147.215
296.161
6636.01
108436
40121.8
23895.3
104598
37195.1
4448.78
6643.58
164589
5.08111e+06
1.16765e+07
3.77358e+07
2.33996e+08
2.74063e+07
1.16378e+07
2.119e+07
1.16742e+07
4.5526e+06
548016
1376.27
1966.98
3196.81
1.07034
18.3169
3365.53
33182
8176.22
15633.1
21820.3
11855.3
899.128
631.095
17944.4
2.60502e+06
1.61168e+07
1.38446e+07
7.509e+07
2.42567e+07
1.23218e+07
2.59365e+07
8.81337e+06
3.79652e+06
457249
4567.67
4455.32
5029.59
68.5831
15.0798
2488.04
22197
36714.2
131247
79962.6
20078.5
1560.36
459.566
44191.9
1.30632e+06
7.33598e+06
4.60947e+07
8.65865e+07
7.58664e+06
1.36268e+07
3.42666e+07
1.70467e+07
3.27594e+06
511438
1248.27
1769.98
2834.75
2.38453
53.2385
3492.2
36598.3
16825.6
50309.8
153855
38140.9
2460.35
1794.32
495339
2.96136e+06
2.02239e+07
2.49839e+07
1.0269e+08
1.95583e+07
1.35649e+07
3.11282e+07
9.64367e+06
5.65088e+06
782079
1159.1
1607.96
2556.64
80.8585
42.2875
1258.02
32402.4
31391.5
433934
180266
63537.8
18088.5
39135
2.10901e+06
1.86443e+07
2.68076e+07
2.4511e+07
9.76825e+07
2.6194e+07
1.44777e+07
4.67326e+07
2.27631e+07
6.21844e+06
861091
4057.29
3133.96
6165.34
0.608869
5.74019
212.179
9714.41
78116.6
347761
142626
161083
39167.4
39689.7
3.59394e+06
5.11007e+07
1.8647e+07
3.72241e+07
8.2782e+07
2.1371e+07
1.60221e+07
4.3233e+07
2.10275e+07
1.30917e+07
1.69783e+06
2190.33
2123.57
8325.24
88.4737
245.638
3884.55
39263.7
65833.8
547848
223679
176290
98865
74795.7
7.83637e+06
4.88114e+07
1.96633e+07
2.68641e+07
1.06255e+08
4.92002e+07
2.5988e+07
1.25702e+08
6.67678e+07
2.39979e+07
4.28139e+06
5383.15
4710.82
9510.33
6.00066
4.55016
9412.73
104824
208961
1.75983e+06
915442
514616
63011.3
21300.1
6.92674e+06
1.78137e+07
8.91863e+06
4.40817e+07
1.41477e+08
2.29545e+07
2.36118e+07
5.438e+07
3.49913e+07
1.56379e+07
1.49126e+06
3469.55
2443.91
13182
85.9033
68.986
9328.01
114453
235033
2.06538e+06
763081
737247
17719.3
12678.8
4.60765e+06
1.78005e+07
2.00667e+07
3.94294e+07
2.2305e+08
4.31473e+07
1.48813e+07
5.75926e+07
4.58921e+07
2.04417e+07
1.14133e+06
6292.68
2073.95
14114.5
229.061
239.004
10271.3
99740.7
230094
2.11971e+06
336971
349333
34094.1
96548.6
1.22136e+06
3.80386e+07
2.35732e+07
6.37867e+07
1.77518e+08
2.47837e+07
9.22479e+06
4.25174e+07
3.85283e+07
1.37904e+07
1.1957e+06
1802.41
2262.21
15968.9
430.53
521.357
10269.5
66132.2
301881
3.07212e+06
595581
1.00417e+06
40093.8
33758.1
1.6709e+06
2.98967e+07
1.65463e+07
7.3231e+07
1.84739e+08
2.33202e+07
7.73964e+06
2.40559e+07
1.54694e+07
5.36889e+06
605223
1849.6
2630.84
19849.5
126.383
203.679
6036.66
110937
202018
1.82567e+06
1.12046e+06
704195
32381.9
47083
1.37932e+06
5.12299e+06
3.48062e+07
3.00673e+07
1.3045e+08
2.48834e+07
7.55003e+06
2.08217e+07
2.11264e+07
8.93347e+06
588888
5134.12
3768.33
16323.8
24.613
13.8583
5754.62
29613.3
194390
1.86077e+06
1.19189e+06
868705
38454.3
47624.9
3.30944e+06
1.60863e+07
1.67123e+07
2.84921e+07
2.06271e+08
4.79414e+07
6.61672e+06
3.65549e+07
4.86194e+07
1.72658e+07
1.01721e+06
6599.18
3806.55
16666.2
45.396
141.596
5651.82
34852.4
109744
1.73091e+06
412130
242425
28828.2
115598
2.98715e+06
1.84669e+07
1.61887e+07
4.35865e+07
2.2814e+08
3.5323e+07
9.17167e+06
2.31285e+07
2.6397e+07
1.37203e+07
1.56538e+06
6336.81
4598.34
14011
147.237
146.2
4122.42
60982.4
226048
2.3703e+06
268213
250090
44359.9
294215
6.82497e+06
2.51494e+07
2.19336e+07
3.54125e+07
1.21773e+08
3.66524e+07
8.64704e+06
5.755e+07
4.1178e+07
1.59977e+07
2.27985e+06
3362.7
3581.08
15475.8
51.5901
32.6099
2935.28
39760.6
188938
2.53275e+06
868255
434245
26904.3
64740.6
1.06691e+07
5.20241e+07
2.43966e+07
4.2724e+07
6.6808e+07
3.42908e+07
1.10399e+07
2.86189e+07
5.00288e+07
1.84702e+07
2.95555e+06
2718.9
2556.53
17780.3
34.9247
74.5618
2649.06
10832
189185
2.40302e+06
544225
386627
26379.4
102611
6.50688e+06
9.18562e+07
6.12056e+07
6.48114e+07
1.03461e+08
4.69325e+07
8.38304e+06
1.67968e+07
3.56049e+07
2.83342e+07
3.09717e+06
3435.26
3500.23
19850.1
95.0966
108.895
3469.87
48682.1
544132
4.6087e+06
1.29161e+06
878276
25961.9
24382.9
4.4946e+06
4.60654e+07
3.36197e+07
7.98606e+07
1.64958e+08
3.82014e+07
8.37892e+06
2.10355e+07
2.74737e+07
1.92306e+07
1.93755e+06
3381.2
3193.98
30856.5
231.945
277.544
7605.99
77479.1
346802
5.33118e+06
1.06757e+06
620648
83097.5
8269.46
4.84061e+06
7.80014e+07
1.98635e+07
4.64025e+07
1.09192e+08
3.71371e+07
8.04071e+06
1.19452e+07
2.78898e+07
1.24692e+07
1.20813e+06
6830.07
6184.52
36014.1
1176.04
996.27
6460.18
58687.2
763617
6.9789e+06
353241
147656
41798.9
37497.7
1.10064e+06
2.30664e+07
2.75282e+07
6.76726e+07
8.56215e+07
2.5945e+07
9.72486e+06
1.28293e+07
3.37369e+07
3.61174e+07
2.25654e+06
13752.5
3806.73
34920.3
277.509
408.227
4939.91
55052.8
598180
7.51505e+06
700114
253941
98203.9
68229.5
3.11358e+06
6.15434e+07
3.39088e+07
4.94434e+07
1.48544e+08
4.1391e+07
4.8243e+06
6.68801e+06
4.3444e+07
1.86947e+07
1.60311e+06
7851.8
4983.26
40680.2
125.282
512.775
15389.8
87764.4
782946
7.82723e+06
507652
200455
27894
76047.7
5.92937e+06
2.18341e+07
1.51244e+07
6.11388e+07
1.62811e+08
3.21734e+07
7.15709e+06
1.0663e+07
2.62766e+07
2.40121e+07
5.52298e+06
6649.02
3942.71
37865.8
3269.68
3422.25
21750.1
79674.5
840325
8.36716e+06
611630
221474
51654
97422.1
7.97129e+06
5.29399e+07
3.28144e+07
1.20845e+08
2.05548e+08
5.64216e+07
1.81874e+07
2.17415e+07
8.90708e+07
7.00318e+07
3.65906e+06
22215.8
5770.23
44404.6
298.125
377.386
5661.06
47007.3
676346
8.67271e+06
1.06267e+06
388890
22147.1
67638.4
3.52252e+06
4.68555e+07
4.59078e+07
7.81007e+07
3.38756e+08
8.19363e+07
8.88344e+06
3.32619e+07
5.45766e+07
7.80967e+07
1.55905e+07
6538.44
3758.28
46390.8
3366.28
3326.11
9643.66
76096.3
725516
7.08959e+06
390991
59315.9
17329.6
74918.9
9.70088e+06
8.59477e+07
4.4079e+07
8.29182e+07
8.11614e+07
3.4689e+07
6.16144e+06
1.28101e+07
2.32035e+07
2.68398e+07
2.07793e+06
6575.82
3803.72
38813.6
24.0065
118.065
7177.25
43638
586926
6.19775e+06
539971
281919
39385.6
34501.6
2.34158e+06
2.99109e+07
2.82698e+07
4.932e+07
1.32414e+08
4.26707e+07
7.97254e+06
1.43835e+07
2.99838e+07
8.10525e+06
1.07908e+06
2433.79
3051.91
32840.8
20.8498
27.2504
6189.15
57499
634642
6.59281e+06
434905
127266
14232.2
12593.5
2.5257e+06
6.77189e+07
5.20884e+07
7.77757e+07
2.06121e+08
4.77502e+07
1.29783e+07
1.03228e+07
2.35557e+07
1.55217e+07
2.18535e+06
2523.21
3938.4
39990.9
636.87
678.334
5872.38
74086.7
856997
7.82528e+06
626597
368351
21053.6
14413.1
4.54504e+06
6.09204e+07
6.25904e+07
8.34347e+07
1.28249e+08
4.58443e+07
1.20983e+07
1.52443e+07
3.24718e+07
3.60665e+07
6.85949e+06
5362.47
5280.8
43338.4
69.9156
97.2106
8826.21
56224.8
428869
5.34145e+06
447795
137524
10565.6
16037.2
2.47844e+06
9.4215e+07
6.98858e+07
5.8902e+07
1.25598e+08
4.0225e+07
1.22304e+07
3.57753e+07
8.47957e+07
5.90831e+07
5.28474e+06
15438.1
2271.98
37473.9
824.4
932.392
8323.46
68954.3
555789
4.88631e+06
348815
163391
9118.99
6095.11
2.85432e+06
5.90186e+07
3.90672e+07
4.79119e+07
1.04462e+08
6.68255e+07
1.28658e+07
3.16468e+07
5.98942e+07
6.248e+07
8.91142e+06
9537.62
4887.67
32375.2
109.069
144.253
5825.76
56675.1
386602
4.23249e+06
458207
193874
14021.9
7083.59
705536
6.79978e+07
5.60117e+07
5.83108e+07
7.96957e+07
3.03357e+07
1.33167e+07
4.71886e+07
5.5074e+07
5.05371e+07
1.15457e+07
8627.6
2125.73
29987.5
36.3982
101.374
10041
54498
471731
4.05113e+06
383937
220923
13536.9
12828.3
2.25078e+06
5.97054e+07
3.18785e+07
4.90288e+07
1.04311e+08
4.5303e+07
1.33099e+07
5.74917e+07
3.21593e+07
4.41899e+07
5.54849e+06
2526
2546.8
27070.9
240.059
263.255
11381.3
51271.1
560121
4.45193e+06
351109
166364
29072.8
7391.61
1.03606e+07
1.20363e+08
6.96755e+07
6.04432e+07
1.82461e+08
7.55703e+07
1.29774e+07
2.86556e+07
4.69932e+07
5.09953e+07
6.55359e+06
9729.98
2969.28
32394.3
688.104
700.641
6910.07
55155.5
491792
4.22986e+06
179552
286028
41179.8
12117.1
3.22742e+06
6.9673e+07
4.35137e+07
8.57688e+07
1.69859e+08
5.58872e+07
1.49332e+07
4.06933e+07
4.92307e+07
4.6892e+07
8.23787e+06
5081.52
4145.07
27000.5
775.891
924.091
7537.59
71671.9
570419
4.98305e+06
438290
201061
29429.3
7794.23
4.1089e+06
1.10776e+08
7.22588e+07
8.88249e+07
1.31475e+08
5.67148e+07
3.16878e+07
4.22681e+07
2.86826e+07
2.64974e+07
4.22322e+06
3892.61
3990.9
36499.6
116.692
408.126
10232.5
70287.7
566603
5.62636e+06
758581
420845
21518.8
11597.7
465272
3.48993e+07
1.44548e+08
1.46054e+08
1.18714e+08
5.35564e+07
3.85252e+07
4.62753e+07
2.32265e+07
2.15429e+07
3.70579e+06
4173.86
4487.58
37151.2
134.682
91.9055
8260.24
66312.9
731318
7.80189e+06
631843
319088
30333.1
14638.8
958519
1.95082e+07
5.06016e+07
6.04043e+07
1.23703e+08
3.34669e+07
4.20154e+07
6.09457e+07
2.39389e+07
9.09226e+06
1.66552e+06
3950.41
3199.75
39422.5
225.447
400.307
6806.72
101858
615035
7.30837e+06
542599
280442
25487.1
23494
4.19228e+06
7.01523e+07
1.09293e+08
6.83405e+07
8.84336e+07
4.49093e+07
4.99225e+07
8.87456e+07
5.98962e+07
4.15959e+07
6.86387e+06
4557.54
3540.02
41801.9
41.9642
160.386
7344.38
71622.1
734496
8.19843e+06
531352
209149
31569.6
48251.5
8.01324e+06
1.08589e+08
1.19001e+08
7.55616e+07
1.09845e+08
5.05144e+07
3.50838e+07
7.32017e+07
3.82333e+07
3.82523e+07
3.28053e+06
10069.4
5672.21
54325.1
1388.28
1389.05
4376.06
22102.4
713552
8.80279e+06
796410
386582
15864.5
34337.5
3.31095e+06
8.39323e+07
1.65485e+08
9.70513e+07
1.62235e+08
6.59619e+07
3.7239e+07
6.39387e+07
3.85398e+07
3.98248e+07
5.24716e+06
5329.54
4371.05
54798
838.887
1200.12
1837.24
19685.3
716023
8.83322e+06
1.22783e+06
396492
30780.1
46698
4.73648e+06
1.39188e+08
2.26477e+08
1.17445e+08
8.98823e+07
7.25674e+07
2.91189e+07
3.71385e+07
6.10805e+07
5.14506e+07
5.86864e+06
8377.11
6584.96
69672.4
1391.51
1279.74
3959.07
17879.8
676534
8.2565e+06
918473
417139
64190.2
12807.7
9.81595e+06
1.64243e+08
2.62026e+08
2.10942e+08
8.76065e+07
4.66063e+07
3.24332e+07
4.49295e+07
7.22815e+07
5.41234e+07
7.44409e+06
3643.25
4183.23
62740
1358.08
1537.42
5640.74
22051.8
510428
7.12494e+06
826350
203034
27181.1
21264.2
1.03003e+07
1.31318e+08
1.44405e+08
6.22922e+07
2.76507e+08
1.11197e+08
1.5532e+07
2.94492e+07
4.29405e+07
3.78073e+07
7.41525e+06
5178.5
5810.97
54404.9
156.376
225.278
943.112
22531.1
406955
5.58301e+06
520956
80754.5
10313.6
14002.8
1.72544e+06
4.17227e+07
9.25462e+07
6.0156e+07
1.70313e+08
5.07516e+07
9.77745e+06
1.34922e+07
2.63571e+07
3.26478e+07
3.824e+06
4743.96
2754.96
34447.8
2587.65
2253.12
3559.81
43557.4
280185
3.63584e+06
401659
66279.5
55177.6
21942.8
3.36838e+06
7.95716e+07
2.35105e+08
1.48754e+08
1.65639e+08
4.84307e+07
2.04954e+07
2.09136e+07
1.27003e+07
1.32111e+07
1.33187e+06
6593.59
7094.15
39234.5
1094.96
1008.31
11104.1
79244.1
79980.3
1.1954e+06
215820
208827
24603.7
15464
4.09912e+06
1.04345e+08
2.86982e+08
1.83347e+08
2.1023e+08
1.06448e+08
2.16965e+07
1.70537e+07
2.69691e+07
3.23963e+07
2.0039e+06
6150.64
6494.37
30447.4
1602.58
1632.03
19219
131683
40765.2
207536
221786
207370
40030.3
33978.3
2.04022e+06
6.00241e+07
1.74064e+08
9.63482e+07
4.12389e+08
1.46741e+08
4.24821e+07
3.64287e+07
3.04139e+07
4.95286e+07
8.72665e+06
9503.97
9328.72
18558.2
500.371
582.769
7666.59
173319
31536
109845
126891
69559.1
10402.6
14812
295991
6.55779e+07
1.17004e+08
4.21492e+07
1.86713e+08
1.22874e+08
3.5486e+07
1.95102e+07
2.61307e+07
1.73733e+07
2.69011e+06
3394.07
4715.1
16236.8
280.243
290.023
13000.3
171123
39365.9
277693
114530
37456.2
14217.6
4276.19
6.60603e+06
6.92049e+07
6.52894e+07
6.90821e+07
1.08711e+08
7.41027e+07
2.45498e+07
1.35465e+07
1.9279e+07
2.59816e+07
2.08367e+06
8972.59
5055.34
11318.8
447.331
452.057
15496.5
158074
56836.3
439935
169591
95858.4
11159.5
4009.8
379148
3.85142e+07
5.86833e+07
1.00233e+08
1.21961e+08
5.80514e+07
1.98412e+07
2.09596e+07
1.57539e+07
1.54756e+07
1.89415e+06
3370.89
4446.62
12837.3
852.294
680.619
13264.5
111744
53346.5
570028
292519
44580
16844
4032.38
2.37143e+06
4.49765e+07
1.03123e+08
8.23398e+07
9.66729e+07
5.59177e+07
2.18292e+07
2.31645e+07
3.05412e+07
1.69609e+07
2.8859e+06
3784.94
4563.03
13991.7
101.857
161.299
4838.18
73448.6
72400.1
629572
117367
87706.5
18313.3
6386.86
501316
7.62975e+07
1.40897e+08
5.62625e+07
8.3535e+07
8.17495e+07
1.35028e+07
1.51609e+07
3.25943e+07
1.31574e+07
566930
6430.52
4619.54
21295
418.749
309.833
4923.83
35468.2
50058
659547
106356
22578.8
8083.65
4269.71
2.2071e+06
6.60884e+07
1.09944e+08
5.91926e+07
1.0063e+08
4.26252e+07
1.40413e+07
1.82808e+07
1.44403e+07
7.58822e+06
959950
3404.07
3624.81
17560.8
284.758
215.367
3423.39
22917.6
39276
378381
93481.6
81178.8
6137.37
5410.82
676389
2.33789e+07
1.1012e+08
1.19294e+08
3.11131e+08
9.59245e+07
2.24334e+07
2.07957e+07
3.0498e+07
2.86142e+07
2.07496e+06
4780.16
4966.99
9818.02
582.388
458.487
3339.37
13813.8
52055.3
625991
257805
129813
9183.25
11362
564188
7.24867e+07
1.31442e+08
5.99521e+07
8.94589e+07
3.70551e+07
1.8884e+07
2.74502e+07
2.62438e+07
3.91218e+07
5.19599e+06
5060.44
4060.02
21076.8
596.886
441.661
3108.41
10493.6
109984
1.37349e+06
182622
71142.8
14302.5
6018.14
4.19377e+06
2.62832e+08
1.94602e+08
8.58787e+07
1.09031e+08
8.62901e+07
3.51858e+07
4.54521e+07
3.06177e+07
4.69355e+07
8.58653e+06
5134.84
5637.8
49814
158.779
229.446
1279.61
24280.5
191837
2.82015e+06
347857
63764.5
15475.1
20357.8
1.41888e+06
1.12813e+08
9.06754e+07
7.96373e+07
8.20691e+07
4.18153e+07
2.80315e+07
3.73513e+07
1.90879e+07
2.02636e+07
3.93253e+06
8254.31
7473.89
38904.5
126.02
304.272
1835.38
35976.9
219997
3.41468e+06
500095
118970
17346
9986.55
843103
4.70594e+07
1.08418e+08
5.46497e+07
1.80356e+08
6.41666e+07
4.50876e+07
6.7612e+07
2.19519e+07
1.35956e+07
1.3431e+06
4146.31
4550.53
27448.1
208.415
216.558
3503.2
20003.2
367487
3.82853e+06
324720
105210
36441.9
10196.9
1.56953e+06
1.19178e+08
1.41363e+08
7.25659e+07
1.07934e+08
3.99148e+07
1.95435e+07
4.82903e+07
2.66927e+07
2.46881e+07
3.70781e+06
7880.6
8708.1
45382.6
3454.1
2994.57
6353.91
24919
496384
5.46119e+06
388088
97019.4
82546.6
73674.1
1.9344e+06
1.55402e+08
1.6965e+08
8.21793e+07
2.24568e+08
8.50674e+07
2.57434e+07
2.82038e+07
3.79287e+07
4.75943e+07
8.81415e+06
7449.08
6531.77
53044.9
6.25975
3.81625
1338.26
11985.5
678028
6.75324e+06
370054
94496.9
55350.5
92479.4
1.56751e+06
6.90887e+07
8.65986e+07
8.60742e+07
3.47499e+08
7.50417e+07
8.38632e+06
1.1585e+07
2.3312e+07
2.1553e+07
2.42071e+06
7226.93
6377.63
42839.5
590.269
883.068
5220.4
8341.04
774620
8.3974e+06
672293
92194
40366
107305
7.16906e+06
5.39848e+07
8.46176e+07
6.91671e+07
2.86888e+08
1.28033e+08
2.75291e+07
3.21975e+07
2.39321e+07
2.45238e+07
1.63498e+06
8276.95
7671.48
47595.8
879.635
899.218
5539.16
10835.9
744446
6.98464e+06
504059
61519.7
42532.6
39425
1.4739e+06
2.18976e+07
8.32759e+07
4.11301e+07
5.65071e+07
4.41709e+07
1.73089e+07
1.5883e+07
1.95639e+07
3.33853e+07
3.06566e+06
6134.8
4026.34
37544.8
101.447
244.683
2224.82
26962.6
343163
2.34654e+06
181205
53296.8
13674.4
8058.98
3.22658e+06
6.89447e+07
7.08855e+07
6.0086e+07
1.00471e+08
4.12596e+07
2.69493e+07
1.74937e+07
2.25181e+07
2.3219e+07
2.6815e+06
4865.66
3203.22
20560.7
861.824
1071.88
8071.95
41449.9
176059
519013
49876.1
64449
12950.1
17577.2
3.01096e+06
2.02347e+07
1.0558e+08
1.3164e+08
6.32391e+08
1.87615e+08
2.76977e+07
2.84856e+07
2.75066e+07
5.28024e+07
7.8139e+06
5178.73
6498.98
8252.87
435.148
381.293
12293.1
62038.4
141972
822096
100531
105123
4636.3
5516.36
8.58775e+06
8.8639e+07
1.17147e+08
1.19713e+08
1.32332e+08
6.7517e+07
7.3421e+06
1.26101e+07
1.72234e+07
1.05112e+07
764359
4663.89
4368.07
15579.1
271.296
256.811
6252.76
62308.3
39513.5
1.11853e+06
247511
44415.6
1256.15
1179.02
2.68904e+06
3.53723e+07
1.0727e+08
7.88957e+07
1.50697e+08
6.17352e+07
7.08998e+06
1.31685e+07
1.43866e+07
1.20558e+07
1.38725e+06
2535.66
3109.46
13336.3
214.726
249.092
3026.79
43495.8
417536
3.19762e+06
256062
24211
4429.08
3543.79
143505
2.03863e+07
6.75016e+07
6.80204e+07
1.18648e+08
3.72533e+07
8.70261e+06
1.10105e+07
1.5732e+07
1.16506e+07
1.31649e+06
2231.22
3104.53
20480.4
29.7745
65.9002
4088.54
32090.7
212135
1.71834e+06
154133
33217.7
8822.51
3936.48
596690
3.84014e+07
7.4023e+07
6.2749e+07
2.97837e+08
7.32082e+07
1.85108e+07
1.73434e+07
1.23768e+07
1.11869e+07
924858
2393.26
3980.01
15565
96.0294
149.606
6817.25
29548.1
31644.6
211411
101129
29786.7
3957.16
9059.52
497398
8.30495e+07
6.76581e+07
3.84741e+07
1.47631e+08
1.91073e+07
1.15776e+07
1.25905e+07
7.81507e+06
9.17145e+06
2.57173e+06
572.051
1511.55
15905.8
31.0094
147.012
4028.43
33706.9
36014.1
274026
29145.7
24843.1
5117.13
10911.4
1.00938e+06
7.33226e+07
7.91646e+07
6.23339e+07
1.25504e+08
2.20142e+07
6.25285e+06
1.95059e+07
1.26276e+07
6.23629e+06
718529
2780.2
3851.89
16808.3
318.417
305.633
1437.12
19315.9
60135.6
239981
27116.3
27438.3
3349.46
9090.91
730347
4.47855e+07
4.84361e+07
3.95861e+07
2.14704e+08
3.11072e+07
1.0002e+07
1.74213e+07
1.0747e+07
1.11608e+07
2.84562e+06
932.325
1903.77
10414.3
117.716
215.878
622.941
11230.2
108959
618670
57902.5
13552.9
2774.87
4038.85
1.01932e+06
1.69816e+07
4.94892e+07
2.98837e+07
1.29437e+08
5.8998e+07
9.51458e+06
1.35749e+07
9.87514e+06
5.54526e+06
1.05074e+06
1714.57
3144.53
7133.6
470.621
347.043
1901.36
7766.67
107973
956787
69720.2
14738
6690.05
2699.84
1.45046e+06
3.4046e+07
3.48896e+07
5.57966e+07
2.32776e+08
3.89932e+07
1.4021e+07
4.27321e+07
1.05851e+07
4.83336e+06
633809
817.908
2002.6
9204.71
4.70272
0.758932
1455.18
16090
22715.8
869005
207707
51907.8
1038
2711.98
1.01966e+06
3.40763e+07
5.26544e+07
6.59388e+07
1.11263e+08
3.63998e+07
1.45537e+07
2.37829e+07
8.72653e+06
9.11519e+06
1.29185e+06
1411.11
2335.09
9760.25
599.467
534.581
2088.11
24187.2
308211
2.35927e+06
210825
105547
9292.71
2445.31
996565
3.53466e+07
3.23956e+07
4.7112e+07
8.89209e+07
2.86302e+07
1.83491e+07
1.9672e+07
1.30086e+07
7.65819e+06
716067
1714.07
2445
16755
100.654
49.4578
3031.12
30934.8
382732
3.09118e+06
148285
30356.9
9266.93
2202.95
630424
2.29983e+07
4.44177e+07
6.44142e+07
1.97182e+08
3.84458e+07
1.62385e+07
1.85922e+07
1.36889e+07
7.58547e+06
1.60864e+06
1492.52
2457.92
19316.1
10.1191
37.4839
4643.36
34917.5
102483
1.58166e+06
203733
66382.5
4214.37
1247.32
154934
6.81369e+06
1.86474e+07
6.16885e+07
6.13208e+07
2.04373e+07
7.22468e+06
1.20006e+07
7.58031e+06
1.00561e+07
1.57749e+06
2157.98
2442.55
10693.6
154.904
170.669
4280.23
14894.8
95715.5
1.34035e+06
124759
75944.6
5365.42
6055.96
45745
1.19565e+07
2.79954e+07
5.04131e+07
6.66269e+07
1.02826e+07
1.10368e+07
3.04555e+07
1.18008e+07
5.46243e+06
1.2592e+06
1098.42
1256.15
9286.27
119.511
102.016
1065.5
1436.03
214134
1.83233e+06
178580
133146
960.735
1812.51
14249.7
1.51548e+07
3.66813e+07
2.64673e+07
2.98565e+07
6.50024e+06
1.12307e+07
2.35533e+07
9.58124e+06
8.33322e+06
976931
1624.19
1558.58
12706
648.629
547.13
3599.36
11580.1
94923.9
780139
76548.7
50795.6
4025.19
2657.05
24009.5
6.30991e+06
3.65917e+07
2.40418e+07
5.53591e+07
1.90311e+07
5.18217e+06
1.08214e+07
1.02406e+07
7.13457e+06
1.45546e+06
1848.96
1749.93
6656.07
61.4849
80.5282
6174.45
41000.4
9838.63
142339
43402.1
37434.1
724.916
698.965
7804.02
1.20629e+07
6.85714e+07
4.54679e+07
1.02832e+08
1.59008e+07
8.34322e+06
1.5071e+07
1.28493e+07
5.43765e+06
737244
1401.92
2023.77
5412.52
46.0227
43.5485
8898.11
45896.5
17422.7
78181.9
22516.8
19211.7
885.927
1815.53
6907.68
2.13092e+07
4.82092e+07
2.61786e+07
5.94418e+07
3.38531e+07
1.30401e+07
1.72526e+07
1.6719e+07
9.3541e+06
1.09282e+06
2503.67
2447.15
6754.1
15.5577
25.5484
5840.36
31486.9
41193
180355
21641.6
43023.1
857.131
990.238
145665
1.31043e+07
4.63971e+07
3.26041e+07
8.89443e+07
1.60515e+07
1.94416e+07
2.91411e+07
1.28511e+07
6.8123e+06
994367
2272.75
1729.76
5610.76
52.8568
60.174
1849.17
11883.9
31542.2
193624
51116
60246.9
2017.92
1063.81
331688
1.48544e+07
3.33682e+07
1.64391e+07
4.20307e+07
1.86379e+07
8.56194e+06
1.99657e+07
1.45057e+07
6.82253e+06
960311
1358.36
1214.66
4760.11
280.363
281.484
709.299
682.687
8493.95
106261
53750.2
54804.5
4418.42
1211.44
172448
6.21764e+06
2.64287e+07
2.66011e+07
4.14975e+07
1.22313e+07
8.94385e+06
9.05949e+06
9.67525e+06
4.79246e+06
485091
2635.62
1262.15
2474.94
23.5935
52.5929
555.046
2895.64
7051.89
43930.5
105391
101982
3090.49
2162.79
29433.4
1.00837e+07
4.26098e+07
3.55716e+07
1.75433e+07
5.80401e+06
4.89963e+06
1.93196e+07
9.88454e+06
1.67335e+06
266697
811.901
1207.26
3803.55
11.6096
46.8906
1272.65
7264.78
66536
293806
64438.4
60310.3
2059.53
3858.9
49445.6
4.23495e+06
2.14304e+07
4.29371e+07
6.78479e+07
3.80263e+07
9.47985e+06
2.48271e+07
8.98843e+06
2.55972e+06
427398
690.437
1796.55
3800.23
4.19219
30.1858
813.979
5466.08
86122.8
390126
49839.3
33606.3
1809.1
1751
32720.5
8.35185e+06
2.14737e+07
8.691e+06
5.16823e+07
1.38606e+07
6.34958e+06
5.09024e+07
2.32449e+07
2.04475e+06
287717
1073.68
1116.36
4631.28
49.1649
128.296
511.22
9663.48
34509.1
168605
57321.8
20646.2
4953.36
1154.19
150625
6.47363e+06
1.4199e+07
1.6928e+07
3.92999e+07
1.26741e+07
1.62008e+07
6.09582e+07
2.16072e+07
2.77831e+06
559492
804.56
762.062
2212.36
110.288
145.096
7041.88
35516.7
31876.8
218395
87893.1
57767.4
5263.2
566.422
78987.3
1.18328e+07
2.10427e+07
4.18625e+07
1.63214e+08
6.44717e+07
4.9295e+07
8.28736e+07
3.58266e+07
1.12999e+07
728626
6220.99
4383.05
6997.92
517.632
574.722
19540.5
63671.7
45341.5
208328
51158.7
33674.4
11926.9
6525.9
71774.1
2.05054e+07
6.62792e+07
8.65611e+07
1.78842e+08
8.87981e+07
7.33669e+07
8.74019e+07
1.75834e+07
8.22278e+06
1.14371e+06
2218.57
3614.34
8304.14
18.8859
27.4076
12643.2
52477.2
54270.1
113031
109125
75168
8812.79
769.176
48638.8
1.48113e+07
6.71336e+07
6.87366e+07
1.9828e+08
1.01458e+08
3.52408e+07
5.01835e+07
2.17597e+07
9.05677e+06
887636
6215.19
6652.32
10097
356.19
427.071
7671.02
14453
115803
241949
138412
117810
10926.6
8889.45
38982.8
8.15443e+06
4.65436e+07
4.64894e+07
7.2036e+07
3.90403e+07
2.71239e+07
5.59485e+07
5.06041e+07
7.17534e+06
611273
3010.01
2381.53
5659.84
82.6009
85.0079
6640.85
16203.1
98721.5
131851
206202
159583
16625.4
3602.86
244588
2.2942e+07
1.59594e+08
1.09044e+08
7.34407e+07
3.45135e+07
2.02915e+07
5.505e+07
2.60864e+07
1.74325e+07
4.11832e+06
2309.24
2861.93
8932.38
110.086
107.576
12241.3
46130
100833
247869
196493
175858
29944.3
5660.9
1.11789e+06
7.29858e+07
1.90305e+08
1.1854e+08
1.00962e+08
2.25321e+07
2.29004e+07
6.45041e+07
7.02114e+07
3.58194e+07
3.58394e+06
3673.73
3414.25
16807.6
940.941
1120.59
7516.78
42887.9
32132.6
179919
326436
264099
35446.1
37428.8
3.02864e+06
3.80753e+07
1.47076e+08
1.466e+08
1.42133e+08
5.32504e+07
1.59768e+07
4.25534e+07
5.67732e+07
3.8804e+07
2.15229e+06
7477.11
4730.22
12029
13.4702
57.3447
1458.43
5741.64
11247.6
114497
114285
74817.6
30723.2
22263.3
1.80899e+06
6.69177e+07
1.59677e+08
2.30852e+08
2.02508e+08
5.11963e+07
2.11804e+07
3.73543e+07
2.82037e+07
2.21145e+07
4.00684e+06
2415.02
5704.79
18321.4
466.215
726.139
2014.46
5797.6
39185.4
262189
119110
131979
23655.7
177689
2.19774e+06
9.44697e+07
1.13057e+08
1.46895e+08
9.59896e+07
2.25028e+07
1.75438e+07
7.08686e+07
3.31203e+07
1.25432e+07
1.03996e+06
4330.67
4975.56
20165.3
1652.91
1646.4
3017.18
3261.41
53719.1
339869
19892.5
81733.2
82201.3
171596
5.31874e+06
5.43618e+07
7.99617e+07
1.41595e+08
7.89157e+07
3.84179e+07
1.78458e+07
3.43752e+07
2.00722e+07
9.48771e+06
753340
3829.65
3809.01
13347.9
670.06
615.959
744.773
1433.94
9596.06
127127
26426.8
104806
56435.4
65592.2
2.11349e+07
1.20326e+08
1.14492e+08
5.45761e+07
4.11158e+07
3.45201e+07
1.04558e+07
1.5762e+07
1.35116e+07
1.3685e+07
1.94497e+06
3923.99
3500.57
13987.7
1638.69
1433.46
1854.65
3830.12
13291.8
37532.6
37012.6
59092.7
22037.5
54403.9
1.55813e+07
7.66093e+07
8.04509e+07
8.4448e+07
6.02735e+07
2.31346e+07
1.25842e+07
2.18683e+07
1.67303e+07
1.44611e+07
2.57353e+06
3626.95
3509.78
10972.7
57.6025
56.909
665.032
2883.51
35905
89219.5
66959.8
69742.3
10038.6
13220.7
1.03091e+06
6.52404e+07
6.36868e+07
3.62596e+07
4.829e+07
1.6418e+07
1.54127e+07
2.74204e+07
2.32545e+07
2.16697e+07
1.84571e+06
6633.83
3951.07
14948.1
29.5569
49.9914
1651.02
11249.7
59762.6
137229
34852.6
149282
67060.3
20521.2
1.46789e+06
3.10257e+07
5.64076e+07
5.70921e+07
6.82194e+07
4.30409e+07
5.312e+06
1.95126e+07
2.4263e+07
1.33043e+07
977295
5629.67
4064.86
9733.65
25.1618
36.2215
1753.9
14530.9
34886.9
49358.3
22901
205379
77535.8
25816.2
353087
2.93071e+07
3.78559e+07
8.73456e+07
8.65726e+07
2.2142e+07
1.14967e+07
2.36748e+07
1.02767e+07
4.65704e+06
568222
4096.48
5041.52
8876.62
66.5141
60.1267
1406.73
8379.12
23280.8
102997
13081.8
9386.33
23320.6
15988.2
232103
3.51501e+07
7.50057e+07
9.00937e+07
6.39127e+07
1.82963e+07
9.96311e+06
4.43372e+07
3.04432e+07
1.5186e+07
1.43715e+06
3112.58
3258.24
9006.92
616.836
640.011
1303.96
12394.4
11474.8
39005.8
14021.9
52092.7
24612.9
22990.5
1.71447e+06
1.10322e+07
6.73107e+07
7.92676e+07
2.7204e+07
1.76698e+07
1.11859e+07
2.88311e+07
1.69075e+07
1.73294e+07
3.064e+06
3938.17
3788.92
5326.31
60.0333
137.166
430.783
1178.09
12539.5
45208
40279.8
50589.8
35091.5
85342.2
643639
4.90942e+06
8.03439e+07
8.34897e+07
6.78751e+07
1.54471e+07
2.75822e+07
3.11803e+07
3.134e+07
2.33984e+07
2.17028e+06
5429.78
1776.57
3024.79
956.577
879.974
951.538
1214.06
14828.5
62321.8
12836
32572
24746.9
9673.85
852146
9.34125e+07
6.44393e+07
4.04065e+07
3.76042e+07
1.14971e+07
7.14504e+06
5.01903e+07
3.79049e+07
2.51611e+07
2.63529e+06
3629.18
1897.48
14430.7
1209.76
1134.88
1741.48
1129.98
4455.38
66874.7
15135.4
35406.3
24974.9
70151.9
1.03609e+06
8.04546e+07
6.38749e+07
3.98227e+07
5.91773e+07
2.83439e+07
6.54114e+06
1.7872e+07
2.26913e+07
2.98663e+07
4.12477e+06
1293.8
1257.26
13415.7
61.4754
153.451
2152.4
13734.4
20137.6
180892
45429.5
19344.7
10830.1
41398.1
1.03194e+06
1.86075e+08
2.42984e+08
1.29273e+08
7.40288e+07
3.03536e+07
1.12462e+07
2.16225e+07
3.58087e+07
4.73323e+07
7.03305e+06
2300.05
3411.49
29149.6
202.884
317.369
2600.71
9475.89
16787.6
155120
85059.5
22254.7
9120.37
22464.9
4.42894e+06
1.23619e+08
1.41996e+08
7.36933e+07
2.00451e+08
5.4011e+07
9.81609e+06
3.40934e+07
2.65888e+07
1.50318e+07
2.21634e+06
2465.68
1993.68
17529.6
621.817
586.774
5167.17
11929.9
25186.6
204661
44091
252883
35653.3
18267
1.07123e+06
2.87692e+07
1.44702e+08
4.84896e+07
9.41169e+07
1.86444e+07
7.89762e+06
2.2723e+07
9.68633e+06
4.19368e+06
821162
1299.65
1622.45
8299.42
465.847
510.197
4440.88
38362.9
69406.7
714220
254352
278885
34621.8
24159.5
2.12566e+06
5.13618e+07
6.8564e+07
5.58058e+07
5.78021e+07
1.70522e+07
4.65122e+06
6.65199e+06
9.25475e+06
8.45223e+06
1.79795e+06
1476.53
2282.33
11884.4
309.107
468.867
1870.4
22563.7
60728.7
182901
162613
693363
50780.3
91460
972353
2.72493e+07
4.75906e+07
4.70791e+07
1.9081e+08
5.64973e+07
5.26526e+06
9.7045e+06
9.17848e+06
1.9178e+07
3.92594e+06
858.4
1931.64
6923.08
108.663
259.409
1483.59
20558.9
82950
849714
488585
875094
32967.8
24423
3.66093e+06
1.10729e+08
7.11765e+07
5.07692e+07
2.07026e+08
5.06216e+07
2.11085e+07
1.17967e+07
1.8871e+07
2.95489e+07
5.14619e+06
3087.25
2567.35
18729
526.464
613.929
4677.14
11665.9
70181.2
235844
567415
2.42302e+06
44800.2
47178.1
5.51905e+06
4.44125e+07
8.79693e+07
8.40508e+07
6.09858e+07
3.11875e+07
6.80924e+06
5.36655e+06
1.67039e+07
2.11286e+07
2.29841e+06
1600.95
1767.71
10439.1
1652.87
1281.48
9110.17
28640
29514
305634
1.0332e+06
2.9499e+06
100423
79505.2
2.67043e+06
7.09213e+07
7.02732e+07
8.90293e+07
9.72332e+07
5.11032e+07
1.25421e+07
9.59679e+06
1.11294e+07
1.05922e+07
1.32781e+06
1397.24
2645.63
15604.6
32.7484
33.7893
9475.68
52473.4
46590.6
444989
250277
855365
72992.2
5748.18
4.02951e+06
9.36067e+07
9.04002e+07
8.13666e+07
2.08455e+08
4.31458e+07
6.05138e+06
3.39657e+06
8.9802e+06
1.19704e+07
2.52555e+06
2360.68
2465.86
18350.6
446.108
339.002
15198.9
60167.2
58314.3
142397
765446
2.33195e+06
22649.1
24368.9
2.53703e+06
7.17197e+07
1.25429e+08
1.3622e+08
3.04037e+08
8.67114e+07
9.17856e+06
3.44977e+06
3.6932e+07
2.03893e+07
1.59819e+06
9092.04
7054.21
18734.7
172.399
219.854
19197.9
118816
78597.6
500152
322843
1.28758e+06
23720
21084.5
4.25607e+06
5.32678e+07
6.5351e+07
6.22659e+07
1.10821e+08
7.20439e+07
8.55196e+06
7.88237e+06
2.74648e+07
2.62492e+07
3.26771e+06
11437.4
10646.2
19332.8
41.3247
199.628
11713
87254
64647.8
672712
755183
1.68901e+06
17033.6
16358
3.76205e+06
6.23936e+07
9.02459e+07
1.05905e+08
2.03514e+08
6.29165e+07
1.50761e+07
1.08793e+07
3.0701e+07
2.12219e+07
3.66866e+06
10843.4
7713.74
18896.9
41.3787
97.6088
11417.4
90742.3
95680.9
752994
273276
944683
41317.1
4720.64
1.02404e+06
2.98838e+07
3.90718e+07
7.51872e+07
1.60571e+08
7.73454e+07
8.02181e+06
9.91025e+06
1.00194e+07
1.14441e+07
1.57264e+06
13162.5
12085.5
18494.8
334.276
419.768
6700.47
54621.2
95415.7
790108
305150
715705
25619.6
7890.89
608890
1.14804e+07
2.26419e+07
3.71214e+07
8.2329e+07
2.69092e+07
4.25871e+06
1.09203e+07
8.25664e+06
8.13552e+06
1.65978e+06
2161.12
2717.47
9068.82
4.7765
3.46386
4105.49
21069.1
29203.6
518681
188753
454230
5720.11
3666.37
604530
1.11487e+07
3.22645e+07
5.38813e+07
9.89108e+07
1.97788e+07
6.96499e+06
8.752e+06
4.26694e+06
3.14719e+06
404299
1739.14
2397.75
7043.48
1555.01
1515.89
2778.7
5517.52
26310.9
332825
85435.1
123742
16775.4
6334.74
1.41555e+06
5.91619e+07
7.24378e+07
5.08977e+07
7.03761e+07
2.15883e+07
5.35765e+06
1.06156e+07
1.07205e+07
6.37721e+06
279805
1495.57
1351.03
10921.8
237.197
202.754
3196.88
11908.6
22320.8
255164
113992
139671
6867.77
2014.08
855057
3.43692e+07
1.24458e+08
9.10367e+07
7.61121e+07
2.46711e+07
4.1665e+06
5.86099e+06
7.12197e+06
4.90406e+06
441762
1127.95
1666.65
9206.79
1717.51
1591.36
4641.31
31878.6
7903.21
187057
260179
599102
12736.3
7014.53
606361
4.13772e+07
6.12319e+07
6.93777e+07
3.35915e+07
1.51343e+07
7.19671e+06
8.60393e+06
7.12074e+06
5.50556e+06
762337
2008.19
1610.47
9001.91
127.988
100.458
4191.19
28261.7
10586.9
128330
87942.6
265469
26283.6
2207.05
1.32123e+06
1.58531e+07
8.27017e+07
8.81371e+07
8.03048e+07
3.54952e+07
2.83123e+06
2.9705e+06
9.89489e+06
8.04247e+06
1.45635e+06
1622.55
1492.81
4234.25
232.047
192.2
953.111
9273.96
9829.49
141244
134095
438087
22737.1
4487.21
925754
1.22558e+07
4.73176e+07
6.75625e+07
5.97356e+07
1.75764e+07
2.44229e+06
3.04625e+06
4.59856e+06
5.65572e+06
839314
1924.72
2308.21
5287.32
112.796
118.883
192.573
2902.83
4328.8
125844
422396
1.11582e+06
26647
6639.61
1.47591e+06
2.77723e+07
3.74259e+07
2.86386e+07
1.07465e+08
2.39018e+07
3.16831e+06
5.55342e+06
6.94147e+06
5.44013e+06
649472
3599.1
3316.29
8976.31
36.3696
33.2084
61.1476
238.365
10496.4
57062
471531
1.17551e+06
10982.5
8136.84
1.93414e+06
8.15209e+07
7.22541e+07
3.41999e+07
7.78377e+07
2.70258e+07
1.79409e+06
6.0419e+06
1.09184e+07
6.31662e+06
601317
2065.94
1828
16855.8
178.491
272.188
636.022
3003.35
9286.11
57797.7
164782
494214
7311.34
17583.7
1.16735e+06
6.0725e+07
9.30793e+07
3.49302e+07
4.10169e+07
7.48959e+06
2.18889e+06
4.30118e+06
6.35016e+06
1.18509e+07
2.09075e+06
3814.84
3637.68
14862.2
12.8496
11.5341
239.072
934.796
790.41
7251.55
22334.3
80507.4
3412.26
1093.76
1.42391e+06
1.01495e+08
1.14536e+08
7.87412e+07
2.36935e+07
1.65048e+07
1.5628e+06
2.71997e+06
8.09097e+06
5.78501e+06
354928
804.581
886.208
15541.7
705.408
669.337
1088.2
2467.7
4572.26
21955.2
5952.25
15570.6
7006.14
6429.62
108828
1.25271e+07
3.47818e+07
3.04444e+07
1.7829e+07
8.4572e+06
1.79075e+06
1.14185e+06
3.23532e+06
2.56786e+06
217671
1041.83
951.034
3386.71
50.0947
57.6459
430.028
2297.45
2018.78
6249.53
1985.23
780.464
719.859
2164.33
45175.2
1.15196e+07
2.68733e+07
1.92718e+07
2.11428e+07
7.75399e+06
1.28668e+06
1.18418e+06
1.40614e+06
2.55776e+06
212537
284.038
517.018
2119.58
5.04707
10.4486
295.218
1164.07
729.098
958.758
139.142
136.96
172.891
461.247
19767.7
2.56551e+07
2.00237e+07
1.61014e+07
1.72016e+07
7.82127e+06
2.42502e+06
3.33766e+06
4.23925e+06
2.65233e+06
229092
600.687
677.879
4562.15
244.7
200.477
330.975
322.98
211.109
557.258
827.111
1248.12
538.679
2107.5
17737.6
1.71736e+07
3.09809e+07
1.29868e+07
1.61266e+07
6.03041e+06
3.89463e+06
1.483e+07
1.41885e+07
3.68082e+06
409084
1123.63
994.23
4347.68
0.99437
1.13765
6.50569
84.7153
62.6994
196.121
40.5423
73.7131
31.4846
97.2321
22685.9
1.32529e+07
1.31665e+07
9.02655e+06
1.73849e+07
5.78923e+06
2.46149e+06
2.03778e+07
1.44956e+07
3.78529e+06
380237
908.999
460.287
2392.6
14.8719
33.3327
132.487
312.942
838.676
2440.23
943.074
1094.92
645.74
1976.64
32477.5
1.61202e+06
5.60017e+06
1.33774e+07
2.67555e+07
3.05963e+06
1.586e+06
5.78819e+06
3.56489e+06
796387
60877.9
518.586
708.095
1027.15
2.54912
2.59777
42.5638
458.648
3931.19
19865.4
951.4
1557.31
93.6304
73.9632
16868.8
1.04244e+06
3.35175e+06
5.24813e+06
3.43284e+07
5.23661e+06
1.02972e+06
3.32479e+06
1.87667e+06
1.47535e+06
176660
289.213
344.165
492.623
10.1179
12.8028
58.6419
1014.39
9316.21
76015.5
7876.55
2420.84
331.814
416.957
8544
645799
9.13616e+06
6.81664e+06
1.79395e+07
8.15744e+06
760089
2.11129e+06
1.80775e+06
1.28612e+06
96808.3
541.34
521.441
957.541
0.24117
1.49619
212.269
1974.02
10292.6
63125.9
3420.76
11784.3
863.375
175.764
2807.89
744339
7.11392e+06
1.15422e+07
1.42028e+07
6.3732e+06
885955
1.98597e+06
2.6397e+06
939267
64845.9
247.592
471.724
926.827
0.838342
1.77726
419.858
2234.61
5926.11
102419
32740.5
35228.9
1978.64
264.045
7013.18
1.94221e+06
9.29278e+06
8.46819e+06
7.7201e+06
3.95846e+06
1.09236e+06
783573
2.97909e+06
1.61139e+06
110586
770.209
448.591
1228.17
5.12999
7.78795
187.006
623.941
15077.8
175927
13529.2
18708.6
480.047
215.744
3694.23
742817
2.98326e+06
3.34017e+06
6.93477e+06
4.5802e+06
1.18959e+06
2.56629e+06
2.47553e+06
1.36758e+06
66425.6
414.402
193.181
1001.41
16.2242
16.5867
107.979
1393.91
83507.6
845800
88571.9
29810.3
384.042
579.327
12998
3.39009e+06
7.05732e+06
3.69163e+06
3.14104e+06
3.12125e+06
1.80614e+06
1.11042e+06
1.77178e+06
761221
57349
240.066
217.845
4476.1
17.0473
25.2455
64.7765
424.955
105680
1.08773e+06
94802.3
27981.4
284.207
124.51
5607.96
2.4197e+06
1.12764e+07
7.52803e+06
3.81799e+06
3.11899e+06
2.5458e+06
1.26055e+06
807658
646220
61690.2
142.804
230.326
5349.67
5.45972
27.0693
107.843
751.299
121549
942796
44088.2
4819.75
240.068
70.8354
1511.29
1.00009e+06
6.8567e+06
5.17583e+06
5.30089e+06
3.35918e+06
744141
198953
157128
201644
22753.7
185.685
299.789
4556.6
45.7228
34.2728
97.6467
119.481
66674.1
467834
24254.2
16759.9
585.903
47.5882
2122.4
413847
2.74519e+06
3.78635e+06
7.35398e+06
3.21898e+06
650780
149363
228749
676787
111670
98.4164
152.569
2299.27
2.13168
7.59159
45.2239
701.309
18223.4
66285.9
19979
33980
1287.73
365.251
21665.3
1.12058e+06
4.96458e+06
5.68156e+06
6.70144e+06
5.87782e+06
787292
244336
327378
917696
124508
384.132
411.73
934.557
4.06218
2.99643
389.986
2039.99
15152
56916.2
18658.9
28245.4
1263.25
171.343
92099.6
3.42295e+06
8.14811e+06
6.82673e+06
4.50812e+06
2.14199e+06
1.46939e+06
541525
870857
1.15016e+06
132476
135.299
131.664
1020.78
26.4041
6.16637
739.365
6055.38
30912.7
160857
48372.2
89299
662.229
411.74
392832
1.02039e+07
6.12333e+06
1.91523e+06
1.85581e+06
2.7453e+06
2.90366e+06
2.14516e+06
2.53143e+06
1.83465e+06
166849
871.443
261.002
2429.09
0.131651
0.789236
2042.78
16432.1
29354.3
109886
18533.1
28174
244.524
174.436
260583
5.55797e+06
2.40363e+06
2.2709e+06
4.68301e+06
4.07589e+06
2.17857e+06
1.29549e+06
2.44774e+06
779617
63388
159.731
115.203
1224.2
76.9867
76.7478
4919.91
33100.5
39027.4
87347.3
14109.9
18737
889.167
79.5618
166580
4.0135e+06
6.49034e+06
3.84868e+06
5.64478e+06
6.44246e+06
5.11516e+06
3.08221e+06
6.84967e+06
4.08404e+06
96473.4
1258.03
230.825
1135.15
2.33757
11.9284
3843.27
25863.3
14633.8
27325.3
149512
157348
559.777
82.7246
43810.5
2.68997e+06
2.43117e+06
1.38081e+06
3.70814e+06
2.98911e+06
1.72693e+06
1.54652e+06
1.96524e+06
702685
10179.9
289.517
91.6283
1260.14
45.3465
29.6061
2201.69
12839.2
7859.02
13020.5
73176.9
40573.3
1061.39
152.192
11296.5
1.76624e+06
7.22646e+06
4.80956e+06
1.46074e+06
1.38477e+06
2.00212e+06
1.87402e+06
1.22315e+06
400112
24062.7
113.585
132.505
869.919
1.13118
7.96752
526.514
3037.85
2258.81
3796.73
5334.06
3430.04
95.7607
105.962
342.118
913145
3.228e+06
1.34126e+06
4.30696e+06
1.53156e+06
876374
845386
289274
197462
53882.5
61.6193
105.632
379.824
19.7342
12.5015
286.532
376.676
2160.71
10008.1
10103.7
10166.3
271.768
213.859
775.986
116329
3.09192e+06
2.33465e+06
3.0691e+06
1.35189e+06
342597
795725
197622
278269
53180.3
34.6063
92.2044
245.043
0.837986
2.95256
1589.25
9791.59
5583.45
13288.6
26694.9
18487.2
133.581
95.1158
113.678
71934.5
1.49643e+06
3.26082e+06
3.86734e+06
1.15963e+06
203637
200927
115690
388028
75862.8
46.1007
88.4395
336.612
2.33928
5.23054
3770.47
19126
14522.5
74001.4
15912.3
18948.1
285.155
287.347
338.1
136006
905788
937662
1.17033e+06
870981
126681
139166
49383.6
157566
35455
17.0103
54.9717
637.682
1.30302
5.24103
2206.1
18624.2
2927.65
35706.3
25384.9
13066.1
145.195
56.5907
41.4618
36848.6
803215
413370
1.76745e+06
1.37193e+06
89502.2
46445
16382.7
22612.3
3810.32
14.8911
63.1563
444.338
16.6483
11.1478
1550.77
13362.1
14607
93314.5
25773.3
16723.9
144.093
103.895
139.147
17515.1
171015
381369
1.57491e+06
1.05573e+06
78570.4
19910.8
2948.55
2160.69
554.558
18.2295
52.552
599.574
11.364
8.37017
654.71
7255.05
20875
143754
23070.7
16785.7
155.817
16.1507
40.1597
17942.6
572133
1.26203e+06
3.04424e+06
1.14403e+06
26499.5
5481.3
7733.68
7522.71
551.771
16.2519
77.1943
803.103
1.30224
2.18079
325.128
4201.2
2393.27
40202.1
9174.79
2906.81
87.7294
114.179
247.622
29771.4
1.07212e+06
1.29895e+06
1.25153e+06
664034
26058.6
4640.44
56552.3
92421
11450.9
36.3615
54.5313
309.813
4.48095
4.00229
416.823
3971.29
5517.71
37181.9
5563.37
4516.11
37.7869
38.6494
806.68
189996
1.15002e+06
1.23339e+06
694160
400819
20575.9
7145.72
437579
805194
69856.7
130.325
58.7712
306.339
3.23618
3.82334
175.134
1599.63
3171.02
15374
2316.89
2920.31
97.1818
104.785
460.471
181952
336954
301838
1.88397e+06
809863
41091.7
11944
239443
251892
15296.4
56.1951
52.467
130.37
4.36443
5.58867
77.2139
1188.99
1043.77
8304.07
9489.35
5550.93
39.1421
37.7227
1082.79
223273
311094
235235
1.28676e+06
435891
61791.8
17895.6
145426
197212
21525.4
42.793
34.4396
154.168
1.4689
1.31334
304.058
2245.46
1035.56
1939.87
3665.79
5174.77
24.0105
7.38877
1105.92
388574
535056
159592
1.1927e+06
551670
85113.1
37084.5
14196.3
58523.6
10403.4
13.2532
27.5522
151.455
21.3622
36.7888
182.415
1991.97
1225.55
1427.38
1400.52
1288.92
450.068
513.654
917.628
128410
447610
85894.5
129281
61375.3
29595.1
15669.1
2200.04
26674.5
9280.97
365.727
195.648
216.201
4.62083
11.1109
25.9939
31.4476
31.4226
30.5851
12.6661
46.7602
46.5699
86.195
116.802
990.049
3072.88
582.814
328.597
301.235
184.077
289.118
212.062
524.697
304.893
58.6359
28.7223
21.237
